*F 11 2
0000001 00043
0000002 00013
0000003 00033
0000004 00023
0000005 00053
0000006 00073
0000007 00083
0000008 00014
0000009 00034
0000010 00044
0000011 00074
0000012 00084
0000013 00104
0000014 00054
0000015 00024
0004384 8200100/200000/1
0004387 8099877//1//
0004388 8099881//1//
0004389 8099878//1//
0004395 8025196//1//
0004396 8099888//1//
0004398 8099898//1//
0004399 8025356//1//
0004404 AVL
0004405 CFL
0004406 RGTR
0004410 8299983//1//
0004411 8299981//1//
0004413 8866654//1//
0004417 8299994//1//
0004418 8099880//1//
0004421 8099876///1//
0004422 8799880//1//
0004426 8719100//1//
0004428 8299984//1//
0004429 8799879//1//
0004431 8099883/1
0004432 8099884//1//
0004434 8099882//1//
0004435 8299982//1//
0000016 10010
0000017 10012
0000018 10014
0000019 10016
0000020 10018
0000021 10020
0000022 10022
0000023 10024
0000024 10026
0000025 10028
0000026 10031
0000027 10032
0000028 10033
0000029 10034
0000030 10001
0000031 10002
0000032 10003
0000033 10004
0000034 10005
0000035 10006
0000036 10007
0000037 10008
0000038 10009
0000039 10011
0000040 10013
0000041 10015
0000042 10017
0000043 10019
0000044 10021
0000045 10023
0000046 10025
0000047 10027
0000048 10029
0000049 10030
0000050 12009
0000051 12011
0000052 12013
0000053 12015
0000054 12017
0000055 12019
0000056 12021
0000057 12023
0000058 12025
0000059 12027
0000060 12030
0000061 12031
0000062 12032
0000063 12005
0000064 12006
0000065 12007
0000066 12008
0000067 12010
0000068 12012
0000069 12014
0000070 12016
0000071 12018
0000072 12020
0000073 12022
0000074 12024
0000075 12026
0000076 12028
0000077 12029
0000078 12033
0000079 12001
0000080 12002
0000081 12003
0000082 12004
0000083 12210
0000084 12212
0000085 12214
0000086 12216
0000087 12218
0000088 12220
0000089 12222
0000090 12224
0000091 12226
0000092 12228
0000093 12229
0000094 12231
0000095 12232
0000096 12233
0000097 12206
0000098 12207
0000099 12208
0000100 12209
0000101 12211
0000102 12213
0000103 12215
0000104 12217
0000105 12219
0000106 12221
0000107 12223
0000108 12225
0000109 12227
0000110 12230
0000111 12234
0000112 12201
0000113 12202
0000114 12203
0000115 12204
0000116 12205
0000117 13038
0000118 13039
0000119 13041
0000120 13042
0000121 13401
0000122 13402
0000123 13403
0000124 13404
0000125 13405
0000126 13007
0000127 13010
0000128 13013
0000129 13016
0000130 13019
0000131 13022
0000132 13025
0000133 13028
0000134 13031
0000135 13034
0000136 13037
0000137 13040
0000138 13043
0000139 13001
0000140 13002
0000141 13003
0000142 13004
0000143 13005
0000144 13006
0000145 13008
0000146 13009
0000147 13011
0000148 13012
0000149 13014
0000150 13015
0000151 13017
0000152 13018
0000153 13020
0000154 13021
0000155 13023
0000156 13024
0000157 13026
0000158 13027
0000159 13029
0000160 13030
0000161 13032
0000162 13033
0000163 13035
0000164 13036
0000165 13338
0000166 13340
0000167 13342
0000168 13300
0000169 133001
0000170 13301
0000171 13421
0000172 13422
0000173 13423
0000174 13424
0000175 13309
0000176 13312
0000177 13315
0000178 13318
0000179 13321
0000180 13324
0000181 13327
0000182 13330
0000183 13333
0000184 13336
0000185 13339
0000186 13341
0000187 13337
0000188 13302
0000189 13303
0000190 13304
0000191 13305
0000192 13306
0000193 13307
0000194 13308
0000195 13310
0000196 13311
0000197 13313
0000198 13314
0000199 13316
0000200 13317
0000201 13319
0000202 13320
0000203 13322
0000204 13323
0000205 13325
0000206 13326
0000207 13328
0000208 13329
0000209 13331
0000210 13332
0000211 13334
0000212 13335
0000213 14003
0000214 14004
0000215 14005
0000216 14006
0000217 14007
0000218 14009
0000219 14010
0000220 14012
0000221 14013
0000222 14015
0000223 14016
0000224 14018
0000225 14019
0000226 14021
0000227 14022
0000228 14024
0000229 14025
0000230 14027
0000231 14028
0000232 14030
0000233 14031
0000234 14033
0000235 14034
0000236 14036
0000237 14037
0000238 14039
0000239 14040
0000240 14042
0000241 14043
0000242 14045
0000243 14046
0000244 14048
0000245 14050
0000246 14001
0000247 14002
0000248 14501
0000249 14502
0000250 14503
0000251 14504
0000252 14008
0000253 14011
0000254 14014
0000255 14017
0000256 14020
0000257 14023
0000258 14026
0000259 14029
0000260 14032
0000261 14035
0000262 14038
0000263 14041
0000264 14044
0000265 14047
0000266 14049
0000267 14403
0000268 14404
0000269 14405
0000270 14406
0000271 14407
0000272 14409
0000273 14410
0000274 14412
0000275 14413
0000276 14415
0000277 14416
0000278 14418
0000279 14419
0000280 14421
0000281 14422
0000282 14424
0000283 14425
0000284 14427
0000285 14428
0000286 14430
0000287 14431
0000288 14433
0000289 14434
0000290 14436
0000291 14437
0000292 14439
0000293 14440
0000294 14441
0000295 14443
0000296 14445
0000297 14447
0000298 14401
0000299 14402
0000300 14521
0000301 14522
0000302 14523
0000303 14524
0000304 14408
0000305 14411
0000306 14414
0000307 14417
0000308 14420
0000309 14423
0000310 14426
0000311 14429
0000312 14432
0000313 14435
0000314 14438
0000315 14444
0000316 14446
0000317 14442
0000318 17003
0000319 17004
0000320 17005
0000321 17006
0000322 17007
0000323 17008
0000324 17010
0000325 17011
0000326 17013
0000327 17014
0000328 17016
0000329 17017
0000330 17019
0000331 17020
0000332 17022
0000333 17023
0000334 17025
0000335 17026
0000336 17028
0000337 17029
0000338 17031
0000339 17032
0000340 17034
0000341 17035
0000342 17037
0000343 17038
0000344 17040
0000345 17041
0000346 17043
0000347 17044
0000348 17046
0000349 17001
0000350 17002
0000351 17801
0000352 17802
0000353 17803
0000354 17804
0000355 17009
0000356 17012
0000357 17015
0000358 17018
0000359 17021
0000360 17024
0000361 17027
0000362 17030
0000363 17033
0000364 17036
0000365 17039
0000366 17042
0000367 17045
0000368 17704
0000369 17705
0000370 17706
0000371 17707
0000372 17708
0000373 17709
0000374 17711
0000375 17712
0000376 17714
0000377 17715
0000378 17717
0000379 17718
0000380 17720
0000381 17721
0000382 17723
0000383 17724
0000384 17726
0000385 17727
0000386 17729
0000387 17730
0000388 17732
0000389 17733
0000390 17735
0000391 17736
0000392 17738
0000393 17739
0000394 17742
0000395 17744
0000396 17745
0000397 17701
0000398 17702
0000399 17703
0000400 17741
0000401 17821
0000402 17822
0000403 17823
0000404 17710
0000405 17713
0000406 17716
0000407 17719
0000408 17722
0000409 17725
0000410 17728
0000411 17731
0000412 17734
0000413 17737
0000414 17740
0000415 17743
0000416 17746
0000417 1006
0000418 1007
0000419 1008
0000420 1009
0000421 1011
0000422 1012
0000423 1013
0000424 1014
0000425 1016
0000426 1017
0000427 1018
0000428 1019
0000429 1021
0000430 1022
0000431 1023
0000432 1024
0000433 1026
0000434 1027
0000435 1028
0000436 1029
0000437 1031
0000438 1032
0000439 1033
0000440 1034
0000441 1036
0000442 1037
0000443 1038
0000444 1039
0000445 1041
0000446 1042
0000447 1043
0000448 1044
0000449 1046
0000450 1047
0000451 1048
0000452 1049
0000453 1051
0000454 1052
0000455 1053
0000456 1054
0000457 1056
0000458 1057
0000459 1058
0000460 1059
0000461 1061
0000462 1062
0000463 1063
0000464 1064
0000465 1066
0000466 1067
0000467 1068
0000468 1069
0000469 1071
0000470 1072
0000471 1074
0000472 1075
0000473 1077
0000474 1079
0000475 1001
0000476 1003
0000477 1004
0000478 1002
0000479 1005
0000480 1010
0000481 1201
0000482 1202
0000483 1203
0000484 1204
0000485 1205
0000486 1015
0000487 1020
0000488 1025
0000489 1030
0000490 1035
0000491 1040
0000492 1045
0000493 1050
0000494 1055
0000495 1060
0000496 1065
0000497 1070
0000498 1073
0000499 1076
0000500 1078
0000501 1080
0000502 1173
0000503 1175
0000504 1176
0000505 1178
0000506 1180
0000507 1103
0000508 1105
0000509 1172
0000510 1104
0000511 1106
0000512 1111
0000513 1221
0000514 1222
0000515 1223
0000516 1224
0000517 1225
0000518 1116
0000519 1121
0000520 1126
0000521 1131
0000522 1136
0000523 1141
0000524 1146
0000525 1151
0000526 1156
0000527 1161
0000528 1166
0000529 1171
0000530 1174
0000531 1177
0000532 1179
0000533 1181
0000534 1101
0000535 1102
0000536 1107
0000537 1109
0000538 1110
0000539 1112
0000540 1113
0000541 1114
0000542 1115
0000543 1117
0000544 1118
0000545 1119
0000546 1120
0000547 1122
0000548 1123
0000549 1124
0000550 1125
0000551 1127
0000552 1128
0000553 1129
0000554 1130
0000555 1132
0000556 1133
0000557 1134
0000558 1135
0000559 1137
0000560 1138
0000561 1139
0000562 1140
0000563 1142
0000564 1143
0000565 1144
0000566 1145
0000567 1147
0000568 1148
0000569 1149
0000570 1150
0000571 1152
0000572 1153
0000573 1154
0000574 1155
0000575 1157
0000576 1158
0000577 1159
0000578 1160
0000579 1162
0000580 1163
0000581 1164
0000582 1165
0000583 1167
0000584 1168
0000585 1169
0000586 1170
0000587 1108
0000588 2071
0000589 2002
0000590 2069
0000591 2006
0000592 2301
0000593 2302
0000594 2303
0000595 2304
0000596 2305
0000597 2011
0000598 2016
0000599 2021
0000600 2026
0000601 2031
0000602 2036
0000603 2041
0000604 2046
0000605 2051
0000606 2056
0000607 2061
0000608 2066
0000609 2001
0000610 2003
0000611 2070
0000612 2072
0000613 2073
0000614 2074
0000615 2004
0000616 2005
0000617 2007
0000618 2008
0000619 2009
0000620 2010
0000621 2012
0000622 2013
0000623 2014
0000624 2015
0000625 2017
0000626 2018
0000627 2019
0000628 2020
0000629 2022
0000630 2023
0000631 2024
0000632 2025
0000633 2027
0000634 2028
0000635 2029
0000636 2030
0000637 2032
0000638 2033
0000639 2034
0000640 2035
0000641 2037
0000642 2038
0000643 2039
0000644 2040
0000645 2042
0000646 2043
0000647 2044
0000648 2045
0000649 2047
0000650 2048
0000651 2049
0000652 2050
0000653 2052
0000654 2053
0000655 2054
0000656 2055
0000657 2057
0000658 2058
0000659 2059
0000660 2060
0000661 2062
0000662 2063
0000663 2064
0000664 2065
0000665 2067
0000666 2068
0000667 2271
0000668 2273
0000669 2203
0000670 2202
0000671 2204
0000672 2209
0000673 2321
0000674 2322
0000675 2323
0000676 2324
0000677 2214
0000678 2219
0000679 2224
0000680 2229
0000681 2234
0000682 2239
0000683 2244
0000684 2249
0000685 2254
0000686 2259
0000687 2264
0000688 2269
0000689 2272
0000690 2274
0000691 2275
0000692 2276
0000693 2201
0000694 2205
0000695 2206
0000696 2207
0000697 2208
0000698 2210
0000699 2211
0000700 2212
0000701 2213
0000702 2215
0000703 2216
0000704 2217
0000705 2218
0000706 2220
0000707 2221
0000708 2222
0000709 2223
0000710 2225
0000711 2226
0000712 2227
0000713 2228
0000714 2230
0000715 2231
0000716 2232
0000717 2233
0000718 2235
0000719 2236
0000720 2237
0000721 2238
0000722 2240
0000723 2241
0000724 2242
0000725 2243
0000726 2245
0000727 2246
0000728 2247
0000729 2248
0000730 2250
0000731 2251
0000732 2252
0000733 2253
0000734 2255
0000735 2256
0000736 2257
0000737 2258
0000738 2260
0000739 2261
0000740 2262
0000741 2263
0000742 2265
0000743 2266
0000744 2267
0000745 2268
0000746 2270
0000747 3003
0000748 3004
0000749 3006
0000750 3007
0000751 3009
0000752 3010
0000753 3012
0000754 3013
0000755 3015
0000756 3016
0000757 3018
0000758 3019
0000759 3021
0000760 3022
0000761 3024
0000762 3025
0000763 3027
0000764 3028
0000765 3030
0000766 3031
0000767 3033
0000768 3034
0000769 3036
0000770 3037
0000771 3039
0000772 3040
0000773 3042
0000774 3044
0000775 3045
0000776 3047
0000777 3048
0000778 3050
0000779 3052
0000780 3001
0000781 3002
0000782 3005
0000783 3008
0000784 3401
0000785 3402
0000786 3403
0000787 3404
0000788 3405
0000789 3011
0000790 3014
0000791 3017
0000792 3020
0000793 3023
0000794 3026
0000795 3029
0000796 3032
0000797 3035
0000798 3038
0000799 3041
0000800 3043
0000801 3046
0000802 3049
0000803 3051
0000804 3342
0000805 3344
0000806 3346
0000807 3348
0000808 3301
0000809 3302
0000810 3306
0000811 3421
0000812 3422
0000813 3423
0000814 3309
0000815 3312
0000816 3315
0000817 3318
0000818 3321
0000819 3324
0000820 3327
0000821 3330
0000822 3333
0000823 3336
0000824 3339
0000825 3345
0000826 3347
0000827 3341
0000828 3343
0000829 3303
0000830 3304
0000831 3305
0000832 3307
0000833 3308
0000834 3310
0000835 3311
0000836 3313
0000837 3314
0000838 3316
0000839 3317
0000840 3319
0000841 3320
0000842 3322
0000843 3323
0000844 3325
0000845 3326
0000846 3328
0000847 3329
0000848 3331
0000849 3332
0000850 3334
0000851 3335
0000852 3337
0000853 3338
0000854 3340
0000855 4071
0000856 4001
0000857 4004
0000858 4009
0000859 4501
0000860 4502
0000861 4503
0000862 4504
0000863 4014
0000864 4019
0000865 4024
0000866 4029
0000867 4034
0000868 4039
0000869 4044
0000870 4049
0000871 4054
0000872 4059
0000873 4064
0000874 4069
0000875 4002
0000876 4072
0000877 4073
0000878 4074
0000879 4075
0000880 4003
0000881 4005
0000882 4006
0000883 4007
0000884 4008
0000885 4010
0000886 4011
0000887 4012
0000888 4013
0000889 4015
0000890 4016
0000891 4017
0000892 4018
0000893 4020
0000894 4021
0000895 4022
0000896 4023
0000897 4025
0000898 4026
0000899 4027
0000900 4028
0000901 4030
0000902 4031
0000903 4032
0000904 4033
0000905 4035
0000906 4036
0000907 4037
0000908 4038
0000909 4040
0000910 4041
0000911 4042
0000912 4043
0000913 4045
0000914 4046
0000915 4047
0000916 4048
0000917 4050
0000918 4051
0000919 4052
0000920 4053
0000921 4055
0000922 4056
0000923 4057
0000924 4058
0000925 4060
0000926 4061
0000927 4062
0000928 4063
0000929 4065
0000930 4066
0000931 4067
0000932 4068
0000933 4070
0000934 4404
0000935 4406
0000936 4407
0000937 4408
0000938 4409
0000939 4411
0000940 4412
0000941 4413
0000942 4414
0000943 4416
0000944 4417
0000945 4418
0000946 4419
0000947 4421
0000948 4422
0000949 4423
0000950 4424
0000951 4426
0000952 4427
0000953 4428
0000954 4429
0000955 4431
0000956 4432
0000957 4433
0000958 4434
0000959 4436
0000960 4437
0000961 4438
0000962 4439
0000963 4441
0000964 4442
0000965 4443
0000966 4444
0000967 4446
0000968 4447
0000969 4448
0000970 4449
0000971 4451
0000972 4452
0000973 4453
0000974 4454
0000975 4456
0000976 4457
0000977 4458
0000978 4459
0000979 4461
0000980 4462
0000981 4463
0000982 4464
0000983 4466
0000984 4467
0000985 4468
0000986 4469
0000987 4471
0000988 4472
0000989 4474
0000990 4476
0000991 4478
0000992 4480
0000993 4401
0000994 4403
0000995 4402
0000996 4405
0000997 4410
0000998 4521
0000999 4522
0001000 4523
0001001 4524
0001002 4415
0001003 4420
0001004 4425
0001005 4430
0001006 4435
0001007 4440
0001008 4445
0001009 4450
0001010 4455
0001011 4460
0001012 4465
0001013 4470
0001014 4473
0001015 4475
0001016 4477
0001017 4479
0001018 5005
0001019 5006
0001020 5007
0001021 5009
0001022 5010
0001023 5011
0001024 5012
0001025 5014
0001026 5015
0001027 5016
0001028 5017
0001029 5019
0001030 5020
0001031 5021
0001032 5022
0001033 5024
0001034 5025
0001035 5026
0001036 5027
0001037 5029
0001038 5030
0001039 5031
0001040 5032
0001041 5034
0001042 5035
0001043 5036
0001044 5037
0001045 5039
0001046 5040
0001047 5041
0001048 5042
0001049 5044
0001050 5045
0001051 5046
0001052 5047
0001053 5049
0001054 5050
0001055 5051
0001056 5052
0001057 5054
0001058 5055
0001059 5056
0001060 5057
0001061 5059
0001062 5060
0001063 5061
0001064 5062
0001065 5064
0001066 5065
0001067 5066
0001068 5067
0001069 5069
0001070 5070
0001071 5001
0001072 5003
0001073 5004
0001074 5008
0001075 5601
0001076 5602
0001077 5603
0001078 5604
0001079 5013
0001080 5018
0001081 5023
0001082 5028
0001083 5033
0001084 5038
0001085 5043
0001086 5048
0001087 5053
0001088 5058
0001089 5063
0001090 5068
0001091 5002
0001092 5071
0001093 5072
0001094 5073
0001095 5074
0001096 5570
0001097 5572
0001098 5501
0001099 5502
0001100 5503
0001101 5504
0001102 5507
0001103 5512
0001104 5621
0001105 5622
0001106 5623
0001107 5624
0001108 5517
0001109 5522
0001110 5527
0001111 5532
0001112 5537
0001113 5542
0001114 5547
0001115 5552
0001116 5557
0001117 5562
0001118 5567
0001119 5571
0001120 5573
0001121 5574
0001122 5575
0001123 5505
0001124 5506
0001125 5508
0001126 5509
0001127 5510
0001128 5511
0001129 5513
0001130 5514
0001131 5515
0001132 5516
0001133 5518
0001134 5519
0001135 5520
0001136 5521
0001137 5523
0001138 5524
0001139 5525
0001140 5526
0001141 5528
0001142 5529
0001143 5530
0001144 5531
0001145 5533
0001146 5534
0001147 5535
0001148 5536
0001149 5538
0001150 5539
0001151 5540
0001152 5541
0001153 5543
0001154 5544
0001155 5545
0001156 5546
0001157 5548
0001158 5549
0001159 5550
0001160 5551
0001161 5553
0001162 5554
0001163 5555
0001164 5556
0001165 5558
0001166 5559
0001167 5560
0001168 5561
0001169 5563
0001170 5564
0001171 5565
0001172 5566
0001173 5568
0001174 5569
0001175 6003
0001176 6017
0001177 6004
0001178 6005
0001179 6006
0001180 6007
0001181 6008
0001182 6010
0001183 6011
0001184 6012
0001185 6013
0001186 6014
0001187 6015
0001188 6016
0001189 6002
0001190 6701
0001191 6702
0001192 6703
0001193 6704
0001194 6705
0001195 6706
0001196 6707
0001197 6708
0001198 6617
0001199 6604
0001200 6605
0001201 6606
0001202 6607
0001203 6608
0001204 6609
0001205 6610
0001206 6611
0001207 6612
0001208 6613
0001209 6614
0001210 6615
0001211 6616
0001212 6602
0001213 6601
0001214 6603
0001215 7068
0001216 7069
0001217 7071
0001218 7072
0001219 7074
0001220 7075
0001221 7077
0001222 7066
0001223 7801
0001224 7802
0001225 7803
0001226 7804
0001227 7012
0001228 7017
0001229 7022
0001230 7027
0001231 7032
0001232 7037
0001233 7042
0001234 7047
0001235 7052
0001236 7057
0001237 7062
0001238 7067
0001239 7070
0001240 7073
0001241 7076
0001242 7001
0001243 7002
0001244 7003
0001245 7004
0001246 7005
0001247 7006
0001248 7007
0001249 7008
0001250 7009
0001251 7010
0001252 7011
0001253 7013
0001254 7014
0001255 7015
0001256 7016
0001257 7018
0001258 7019
0001259 7020
0001260 7021
0001261 7023
0001262 7024
0001263 7025
0001264 7026
0001265 7028
0001266 7029
0001267 7030
0001268 7031
0001269 7033
0001270 7034
0001271 7035
0001272 7036
0001273 7038
0001274 7039
0001275 7040
0001276 7041
0001277 7043
0001278 7044
0001279 7045
0001280 7046
0001281 7048
0001282 7049
0001283 7050
0001284 7051
0001285 7053
0001286 7054
0001287 7055
0001288 7056
0001289 7058
0001290 7059
0001291 7060
0001292 7061
0001293 7063
0001294 7064
0001295 7065
0001296 7702
0001297 7703
0001298 7704
0001299 7705
0001300 7706
0001301 7707
0001302 7708
0001303 7709
0001304 7710
0001305 7711
0001306 7712
0001307 7713
0001308 7714
0001309 7716
0001310 7717
0001311 7718
0001312 7719
0001313 7721
0001314 7722
0001315 7723
0001316 7724
0001317 7726
0001318 7727
0001319 7728
0001320 7729
0001321 7731
0001322 7732
0001323 7733
0001324 7734
0001325 7736
0001326 7737
0001327 7738
0001328 7739
0001329 7741
0001330 7742
0001331 7743
0001332 7744
0001333 7746
0001334 7747
0001335 7748
0001336 7749
0001337 7751
0001338 7752
0001339 7753
0001340 7754
0001341 7756
0001342 7757
0001343 7758
0001344 7759
0001345 7761
0001346 7762
0001347 7763
0001348 7764
0001349 77421
0001350 7767
0001351 7769
0001352 7770
0001353 7772
0001354 7773
0001355 7775
0001356 7777
0001357 7701
0001358 7766
0001359 7821
0001360 7822
0001361 7823
0001362 7715
0001363 7720
0001364 7725
0001365 7730
0001366 7735
0001367 7740
0001368 7745
0001369 7750
0001370 7755
0001371 7760
0001372 7765
0001373 7768
0001374 7771
0001375 7774
0001376 7776
0001377 8034
0001378 8035
0001379 8036
0001380 8038
0001381 8039
0001382 8037
0001383 8009
0001384 8011
0001385 8013
0001386 8015
0001387 8017
0001388 8019
0001389 8021
0001390 8023
0001391 8025
0001392 8027
0001393 8029
0001394 8031
0001395 8032
0001396 8001
0001397 8002
0001398 8003
0001399 8004
0001400 8005
0001401 8006
0001402 8007
0001403 8008
0001404 8010
0001405 8012
0001406 8014
0001407 8016
0001408 8018
0001409 8020
0001410 8022
0001411 8024
0001412 8026
0001413 8028
0001414 8030
0001415 8033
0001416 8809
0001417 8811
0001418 8813
0001419 8815
0001420 8817
0001421 8819
0001422 8821
0001423 8823
0001424 8825
0001425 8827
0001426 8829
0001427 8831
0001428 8832
0001429 8801
0001430 8802
0001431 8803
0001432 8804
0001433 8805
0001434 8806
0001435 8807
0001436 8808
0001437 8810
0001438 8812
0001439 8814
0001440 8816
0001441 8818
0001442 8820
0001443 8822
0001444 8824
0001445 8826
0001446 8828
0001447 8830
0001448 8833
0001449 8834
0001450 8835
0001451 8836
0001452 8838
0001453 8837
0001454 9009
0001455 9011
0001456 9013
0001457 9015
0001458 9017
0001459 9019
0001460 9021
0001461 9023
0001462 9025
0001463 9027
0001464 9030
0001465 9001
0001466 9002
0001467 9003
0001468 9004
0001469 9005
0001470 9006
0001471 9007
0001472 9008
0001473 9010
0001474 9012
0001475 9014
0001476 9016
0001477 9018
0001478 9020
0001479 9022
0001480 9024
0001481 9026
0001482 9028
0001483 9029
0001484 9909
0001485 9911
0001486 9913
0001487 9915
0001488 9917
0001489 9919
0001490 9921
0001491 9923
0001492 9925
0001493 9927
0001494 9930
0001495 9901
0001496 9902
0001497 9903
0001498 9904
0001499 9905
0001500 9906
0001501 9907
0001502 9908
0001503 9910
0001504 9912
0001505 9914
0001506 9916
0001507 9918
0001508 9920
0001509 9922
0001510 9924
0001511 9926
0001512 9928
0001513 9929
0001514 15041
0001515 15001
0001516 15002
0001517 15004
0001518 15005
0001519 15007
0001520 15008
0001521 15010
0001522 15011
0001523 15013
0001524 15014
0001525 15016
0001526 15017
0001527 15019
0001528 15020
0001529 15022
0001530 15023
0001531 15025
0001532 15026
0001533 15028
0001534 15029
0001535 15031
0001536 15032
0001537 15034
0001538 15035
0001539 15037
0001540 15038
0001541 15040
0001542 15043
0001543 15044
0001544 15046
0001545 15047
0001546 15049
0001547 15050
0001548 15052
0001549 15003
0001550 15006
0001551 15601
0001552 15602
0001553 15603
0001554 15604
0001555 15605
0001556 15009
0001557 15012
0001558 15015
0001559 15018
0001560 15021
0001561 15024
0001562 15027
0001563 15030
0001564 15033
0001565 15036
0001566 15039
0001567 15042
0001568 15045
0001569 15048
0001570 15051
0001571 15543
0001572 15545
0001573 15547
0001574 15501
0001575 15506
0001576 15621
0001577 15622
0001578 15623
0001579 15624
0001580 15509
0001581 15512
0001582 15515
0001583 15518
0001584 15521
0001585 15524
0001586 15527
0001587 15530
0001588 15533
0001589 15536
0001590 15539
0001591 15542
0001592 15544
0001593 15546
0001594 15548
0001595 15541
0001596 15502
0001597 15503
0001598 15504
0001599 15505
0001600 15507
0001601 15508
0001602 15510
0001603 15511
0001604 15513
0001605 15514
0001606 15516
0001607 15517
0001608 15519
0001609 15520
0001610 15522
0001611 15523
0001612 15525
0001613 15526
0001614 15528
0001615 15529
0001616 15531
0001617 15532
0001618 15534
0001619 15535
0001620 15537
0001621 15538
0001622 15540
0001623 601001
0001624 814001
0001625 810001
0001626 901001
0001627 902001
0001628 620001
0001629 802001
0001630 621001
0001631 881001
0001632 630001
0001633 801001
0001634 803001
0001635 804001
0001636 830001
0001637 823001
0001638 822001
0001639 821001
0001640 611001
0001641 612001
0001642 600001
0001643 610001
0001644 613001
0001645 622001
0001646 640001
0001647 641001
0001648 650001
0001649 651001
0001650 653001
0001651 660001
0001652 661001
0001653 662001
0001654 670001
0001655 671001
0001656 730002
0001657 730001
0001658 730003
0001659 730004
0001660 740001
0001661 745001
0001662 750001
0001663 751001
0001664 760001
0001665 761001
0001666 762001
0001667 766001
0001668 767001
0001669 768001
0001670 770001
0001671 771001
0001672 772001
0001673 773001
0001674 774001
0001675 781001
0001676 782001
0001677 783001
0001678 784001
0001679 785001
0001680 795001
0001681 796001
0001682 800001
0001683 811001
0001684 812001
0001685 813001
0001686 817001
0001687 820001
0001688 835001
0001689 840001
0001690 841001
0001691 850001
0001692 860001
0001693 861001
0001694 862001
0001695 863001
0001696 864001
0001697 870001
0001698 875001
0001699 880001
0001700 882001
0001701 883001
0001702 891001
0001703 900001
0001704 900002
0001705 900003
0001706 904001
0001707 904002
0001708 904003
0001709 904004
0001710 940003
0001711 940005
0001712 940002
0001713 940004
0001714 940001
0001715 966002
0001716 966003
0001717 970001
0001718 971001
0001719 972003
0001720 972004
0001721 972005
0001722 973002
0001723 973001
0001724 974001
0001725 975001
0001726 884001
0001727 7642
0001728 3970
0001729 6850
0001730 7102
0001731 7210
0001732 4330
0001733 4690
0001734 5410
0001735 6130
0001736 8290
0001737 5770
0001738 6490
0001739 7930
0001740 4175
0001741 3455
0001742 3815
0001743 7415
0001744 4895
0001745 5615
0001746 6335
0001747 4535
0001748 5255
0001749 5975
0001750 6695
0001751 3214
0001752 3454
0001753 3574
0001754 3694
0001755 8140
0001756 8326
0001757 3154
0001758 3274
0001759 3394
0001760 3490
0001761 3610
0001762 3730
0001763 3850
0001764 4090
0001765 4210
0001766 4570
0001767 4810
0001768 4930
0001769 5170
0001770 5290
0001771 5650
0001772 5890
0001773 6250
0001774 6370
0001775 6730
0001776 6970
0001777 7090
0001778 7330
0001779 7450
0001780 7570
0001781 7690
0001782 7810
0001783 8050
0001784 3814
0001785 3934
0001786 4174
0001787 4294
0001788 4534
0001789 4654
0001790 4774
0001791 4894
0001792 5134
0001793 5254
0001794 5374
0001795 5494
0001796 5614
0001797 5734
0001798 5854
0001799 5974
0001800 6094
0001801 6214
0001802 6334
0001803 6454
0001804 6574
0001805 6694
0001806 6814
0001807 6934
0001808 7174
0001809 7294
0001810 7414
0001811 7534
0001812 7654
0001813 7894
0001814 8188
0001815 8356
0001816 5086
0001817 5446
0001818 5806
0001819 6166
0001820 6526
0001821 6886
0001822 7246
0001823 7606
0001824 7966
0001825 8722
0001826 8692
0001827 9052
0001828 9412
0001829 4372
0001830 4732
0001831 9053
0001832 8333
0001833 8693
0001834 5083
0001835 5443
0001836 5803
0001837 6163
0001838 6523
0001839 6883
0001840 7243
0001841 7603
0001842 8279
0001843 4373
0001844 4733
0001845 3383
0001846 2843
0001847 3515
0001848 3635
0001849 7973
0001850 3155
0001851 3275
0001852 3359
0001853 3479
0001854 3599
0001855 3719
0001856 3839
0001857 3959
0001858 4079
0001859 4199
0001860 4319
0001861 4559
0001862 4679
0001863 4799
0001864 4919
0001865 5159
0001866 5279
0001867 5399
0001868 5639
0001869 5759
0001870 5879
0001871 5999
0001872 6119
0001873 6239
0001874 6359
0001875 6479
0001876 6599
0001877 6719
0001878 6839
0001879 6959
0001880 7079
0001881 7199
0001882 7319
0001883 7439
0001884 7559
0001885 7679
0001886 7799
0001887 7919
0001888 3761
0001889 3881
0001890 4121
0001891 4241
0001892 4361
0001893 4481
0001894 4601
0001895 4721
0001896 4841
0001897 4961
0001898 5081
0001899 5201
0001900 5321
0001901 5441
0001902 5681
0001903 5801
0001904 5921
0001905 6041
0001906 6161
0001907 6281
0001908 6401
0001909 6521
0001910 6641
0001911 6761
0001912 6881
0001913 7121
0001914 7241
0001915 7361
0001916 7481
0001917 7601
0001918 7841
0001919 4950
0001920 3268
0001921 4948
0001922 4588
0001923 5308
0001924 5668
0001925 6028
0001926 6388
0001927 6748
0001928 7828
0001929 3400
0001930 3880
0001931 4240
0001932 7480
0001933 4384
0001934 7264
0001935 3664
0001936 6904
0001937 7120
0001938 7624
0001939 4390
0001940 5110
0001941 5830
0001942 6550
0001943 7990
0001944 4750
0001945 5470
0001946 6190
0001947 8350
0001948 8710
0001949 9070
0001950 9430
0001951 3611
0001952 3581
0001953 3491
0001954 3671
0001955 4133
0001956 7373
0001957 3053
0001958 4493
0001959 4853
0001960 5213
0001961 5933
0001962 6293
0001963 6683
0001964 7793
0001965 4661
0001966 5381
0001967 6101
0001968 2831
0001969 3191
0001970 3281
0001971 5741
0001972 6461
0001973 7901
0001974 8261
0001975 8621
0001976 8981
0001977 6821
0001978 7541
0001979 3371
0001980 3731
0001981 3941
0001982 4301
0001983 7181
0001984 7000
0001985 7360
0001986 4078
0001987 6928
0001988 7678
0001989 8230
0001990 4768
0001991 5128
0001992 5488
0001993 5848
0001994 6208
0001995 6568
0001996 8368
0001997 6941
0001998 7301
0001999 3131
0002000 2987
0002001 4787
0002002 5147
0002003 5867
0002004 6227
0002005 3370
0002006 3550
0002007 3910
0002008 4270
0002009 6790
0002010 7150
0002011 7510
0002012 4630
0002013 5350
0002014 6070
0002015 3190
0002016 4990
0002017 5710
0002018 6430
0002019 7870
0002020 8590
0002021 8950
0002022 9310
0002023 3563
0002024 3743
0002025 3923
0002026 4103
0002027 4283
0002028 6803
0002029 6983
0002030 7163
0002031 7343
0002032 7523
0002033 5723
0002034 6443
0002035 7883
0002036 3203
0002037 4643
0002038 4823
0002039 5183
0002040 5363
0002041 5903
0002042 6083
0002043 6263
0002044 6623
0002045 8243
0002046 8603
0002047 8963
0002048 9323
0002049 4660
0002050 5500
0002051 6340
0002052 2980
0002053 3100
0002054 3220
0002055 4540
0002056 4780
0002057 4900
0002058 5140
0002059 5260
0002060 5380
0002061 5620
0002062 5740
0002063 5860
0002064 5980
0002065 6100
0002066 6220
0002067 6460
0002068 6580
0002069 7660
0002070 8500
0002071 8860
0002072 9220
0002073 7180
0002074 3460
0002075 3670
0002076 3820
0002077 3940
0002078 4180
0002079 4300
0002080 6700
0002081 6820
0002082 6940
0002083 7300
0002084 7420
0002085 7540
0002086 3407
0002087 3527
0002088 3647
0002089 3767
0002090 3887
0002091 4127
0002092 4247
0002093 6767
0002094 6887
0002095 7127
0002096 7247
0002097 7397
0002098 7517
0002099 3467
0002100 3587
0002101 5087
0002102 5927
0002103 7607
0002104 3167
0002105 3287
0002106 4367
0002107 4487
0002108 4607
0002109 4727
0002110 4847
0002111 4967
0002112 5207
0002113 5327
0002114 5447
0002115 5687
0002116 5807
0002117 6047
0002118 6167
0002119 6287
0002120 6407
0002121 6527
0002122 6647
0002123 7847
0002124 7967
0002125 8087
0002126 8447
0002127 9167
0002128 3364
0002129 3544
0002130 3724
0002131 3904
0002132 4084
0002133 4264
0002134 6784
0002135 6964
0002136 7144
0002137 7324
0002138 7504
0002139 4804
0002140 6244
0002141 7684
0002142 2824
0002143 3184
0002144 4624
0002145 4984
0002146 5164
0002147 5344
0002148 5704
0002149 5884
0002150 6064
0002151 6424
0002152 7864
0002153 8044
0002154 8224
0002155 8584
0002156 8944
0002157 9304
0002158 8081
0002159 2861
0002160 3221
0002161 9341
0002162 4684
0002163 6634
0002164 7942
0002165 8086
0002166 8266
0002167 7192
0002168 7390
0002169 3466
0002170 5764
0002171 6484
0002172 5404
0002173 6196
0002174 9046
0002175 7204
0002176 3952
0002177 4312
0002178 6892
0002179 7691
0002180 3707
0002181 5195
0002182 6635
0002183 2567
0002184 8297
0002185 3689
0002186 6965
0002187 2981
0002188 5368
0002189 3551
0002190 4648
0002191 6088
0002192 6808
0002193 3928
0002194 4288
0002195 7168
0002196 7528
0002197 3521
0002198 4378
0002199 7258
0002200 7618
0002201 6760
0002202 7078
0002203 7438
0002204 4738
0002205 5098
0002206 5818
0002207 6178
0002208 6520
0002209 7978
0002210 5638
0002211 7798
0002212 8338
0002213 6352
0002214 3821
0002215 3197
0002216 2837
0002217 3911
0002218 4271
0002219 6791
0002220 7151
0002221 7511
0002222 4637
0002223 4997
0002224 5357
0002225 6077
0002226 6437
0002227 5717
0002228 4798
0002229 5878
0002230 6238
0002231 6598
0002232 8398
0002233 6958
0002234 7318
0002235 3718
0002236 7114
0002237 7474
0002238 6394
0002239 5674
0002240 7834
0002241 5158
0002242 5387
0002243 3557
0002244 3377
0002245 3737
0002246 4553
0002247 4913
0002248 5633
0002249 5993
0002250 6353
0002251 7427
0002252 5332
0002253 3971
0002254 6851
0002255 7571
0002256 3431
0002257 3791
0002258 3245
0002259 4685
0002260 5405
0002261 5885
0002262 6125
0002263 6485
0002264 7925
0002265 2885
0002266 3065
0002267 6754
0002268 3898
0002269 4715
0002270 5075
0002271 5435
0002272 5795
0002273 6155
0002274 6515
0002275 7955
0002276 2915
0002277 3095
0002278 3989
0002279 4349
0002280 6869
0002281 7229
0002282 7589
0002283 3449
0002284 3617
0002285 5392
0002286 8272
0002287 4672
0002288 5752
0002289 6112
0002290 6472
0002291 7912
0002292 6832
0002293 3592
0002294 7372
0002295 7552
0002296 8632
0002297 8992
0002298 9352
0002299 4697
0002300 6179
0002301 3263
0002302 5417
0002303 5777
0002304 7937
0002305 8639
0002306 3419
0002307 8999
0002308 3539
0002309 6952
0002310 3628
0002311 3215
0002312 4835
0002313 6275
0002314 5747
0002315 4115
0002316 2770
0002317 2950
0002318 3130
0002319 8410
0002320 8770
0002321 9130
0002322 9490
0002323 3640
0002324 3443
0002325 3623
0002326 3803
0002327 3983
0002328 4163
0002329 4343
0002330 6863
0002331 7223
0002332 7403
0002333 7583
0002334 5963
0002335 2903
0002336 3083
0002337 4703
0002338 4883
0002339 5243
0002340 5423
0002341 5783
0002342 6143
0002343 6323
0002344 6503
0002345 7943
0002346 8123
0002347 8303
0002348 8483
0002349 8663
0002350 8843
0002351 9203
0002352 9383
0002353 4228
0002354 6838
0002355 7108
0002356 7198
0002357 7288
0002358 7378
0002359 7468
0002360 7558
0002361 7648
0002362 8548
0002363 8908
0002364 2801
0002365 3161
0002366 3701
0002367 5230
0002368 6058
0002369 3556
0002370 3514
0002371 3622
0002372 3742
0002373 5932
0002374 3413
0002375 6311
0002376 5291
0002377 6763
0002378 5293
0002379 6103
0002380 3382
0002381 8380
0002382 8740
0002383 3101
0002384 4541
0002385 4901
0002386 5261
0002387 5981
0002388 6341
0002389 3461
0002390 3641
0002391 4181
0002392 7421
0002393 7781
0002394 8141
0002395 8501
0002396 8650
0002397 3509
0002398 8201
0002399 6778
0002400 7516
0002401 6688
0002402 6858
0002403 6888
0002404 7228
0002405 7336
0002406 7588
0002407 3892
0002408 4252
0002409 4612
0002410 4972
0002411 5692
0002412 6052
0002413 6442
0002414 7852
0002415 8236
0002416 8596
0002417 8986
0002418 9334
0002419 7636
0002420 9064
0002421 3436
0002422 4108
0002423 4828
0002424 5152
0002425 5872
0002426 6232
0002427 6592
0002428 7780
0002429 8416
0002430 9154
0002431 8674
0002432 7408
0002433 6910
0002434 7230
0002435 7338
0002436 7518
0002437 7590
0002438 5728
0002439 6448
0002440 7888
0002441 8248
0002442 8608
0002443 9370
0002444 7366
0002445 3580
0002446 4243
0002447 3523
0002448 3613
0002449 3703
0002450 3823
0002451 4603
0002452 4963
0002453 5323
0002454 5683
0002455 6043
0002456 6403
0002457 7123
0002458 7483
0002459 7843
0002460 8203
0002461 8563
0002462 8923
0002463 2803
0002464 2983
0002465 3163
0002466 3481
0002467 3125
0002468 4817
0002469 5177
0002470 5897
0002471 6977
0002472 7337
0002473 7697
0002474 8291
0002475 8459
0002476 2849
0002477 3251
0002478 2711
0002479 3173
0002480 4613
0002481 5333
0002482 5693
0002483 6053
0002484 6413
0002485 6773
0002486 7133
0002487 7493
0002488 8561
0002489 8921
0002490 2891
0002491 3071
0002492 3503
0002493 6268
0002494 6898
0002495 5458
0002496 6256
0002497 6628
0002498 6988
0002499 7348
0002500 6922
0002501 5771
0002502 4955
0002503 4397
0002504 7103
0002505 6389
0002506 3748
0002507 5188
0002508 5908
0002509 8068
0002510 3857
0002511 4217
0002512 7097
0002513 7457
0002514 3059
0002515 3239
0002516 4589
0002517 4949
0002518 5309
0002519 5669
0002520 6029
0002521 6749
0002522 7817
0002523 8177
0002524 2932
0002525 3298
0002526 8428
0002527 9148
0002528 3497
0002529 4583
0002530 4943
0002531 5303
0002532 5663
0002533 6023
0002534 6383
0002535 7997
0002536 8543
0002537 3586
0002538 6071
0002539 5866
0002540 3946
0002541 3658
0002542 6731
0002543 6377
0002544 7342
0002545 6251
0002546 4091
0002547 4811
0002548 3352
0002549 3286
0002550 7270
0002551 7630
0002552 6310
0002553 6400
0002554 8080
0002555 5200
0002556 5242
0002557 3262
0002558 4781
0002559 6779
0002560 7211
0002561 7979
0002562 2968
0002563 3676
0002564 6916
0002565 7276
0002566 6072
0002567 3652
0002568 3772
0002569 3598
0002570 6313
0002571 6283
0002572 3358
0002573 8788
0002574 3947
0002575 6827
0002576 3395
0002577 6844
0002578 4714
0002579 7954
0002580 8314
0002581 9034
0002582 6124
0002583 7566
0002584 3994
0002585 4354
0002586 7594
0002587 4979
0002588 2819
0002589 4619
0002590 7859
0002591 8219
0002592 8579
0002593 4279
0002594 7159
0002595 3917
0002596 4277
0002597 7487
0002598 5699
0002599 6059
0002600 6419
0002601 4792
0002602 4102
0002603 6862
0002604 5422
0002605 6202
0002606 6622
0002607 7918
0002608 8062
0002609 8278
0002610 3227
0002611 4259
0002612 7139
0002613 6160
0002614 9100
0002615 2693
0002616 5278
0002617 6142
0002618 6640
0002619 6292
0002620 3496
0002621 3700
0002622 3562
0002623 4991
0002624 5351
0002625 5711
0002626 7871
0002627 6148
0002628 4168
0002629 3808
0002630 6868
0002631 4528
0002632 4888
0002633 5248
0002634 5608
0002635 5968
0002636 6328
0002637 6508
0002638 8128
0002639 5428
0002640 6587
0002641 7667
0002642 8387
0002643 7307
0002644 6947
0002645 5398
0002646 3568
0002647 4348
0002648 3659
0002649 3353
0002650 4793
0002651 4097
0002652 2687
0002653 2933
0002654 3113
0002655 5915
0002656 7355
0002657 4960
0002658 5680
0002659 7138
0002660 7900
0002661 6299
0002662 4109
0002663 5320
0002664 6269
0002665 3784
0002666 3988
0002667 7600
0002668 4708
0002669 3424
0002670 3389
0002671 3569
0002672 4193
0002673 7115
0002674 3653
0002675 5452
0002676 6412
0002677 3953
0002678 5729
0002679 6113
0002680 3593
0002681 6491
0002682 5477
0002683 6911
0002684 4336
0002685 7216
0002686 5788
0002687 7948
0002688 4696
0002689 7936
0002690 8296
0002691 3976
0002692 6856
0002693 7576
0002694 3779
0002695 4139
0002696 7379
0002697 4859
0002698 5789
0002699 6659
0002700 3754
0002701 6772
0002702 4600
0002703 6040
0002704 5370
0002705 3575
0002706 4655
0002707 6095
0002708 6455
0002709 3935
0002710 4295
0002711 7175
0002712 7535
0002713 3533
0002714 5591
0002715 4595
0002716 6035
0002717 6395
0002718 7835
0002719 4235
0002720 7475
0002721 4258
0002722 7498
0002723 4618
0002724 4978
0002725 5698
0002726 6418
0002727 7858
0002728 8218
0002729 5338
0002730 3269
0002731 4642
0002732 6082
0002733 6802
0002734 8602
0002735 8962
0002736 5362
0002737 3922
0002738 4282
0002739 7882
0002740 8242
0002741 7162
0002742 6989
0002743 5141
0002744 5861
0002745 6221
0002746 6581
0002747 7661
0002748 4966
0002749 5686
0002750 6406
0002751 4606
0002752 6046
0002753 7846
0002754 7492
0002755 7961
0002756 7235
0002757 5411
0002758 6131
0002759 2789
0002760 6371
0002761 3179
0002762 3430
0002763 3365
0002764 2951
0002765 5302
0002766 4756
0002767 6556
0002768 7996
0002769 5836
0002770 3677
0002771 5831
0002772 8200
0002773 4000
0002774 3802
0002775 6742
0002776 7805
0002777 3202
0002778 8471
0002779 2680
0002780 8440
0002781 8969
0002782 3209
0002783 3790
0002784 6809
0002785 5231
0002786 6671
0002787 3832
0002788 3862
0002789 6583
0002790 5225
0002791 6995
0002792 5233
0002793 5285
0002794 3683
0002795 3778
0002796 3792
0002797 3794
0002798 3822
0002799 9640
0002800 9642
0002801 9644
0002802 6191
0002803 6193
0002804 6195
0002805 5625
0002806 7564
0002807 4151
0002808 4511
0002809 5951
0002810 2927
0002811 3089
0002812 4871
0002813 4120
0002814 4360
0002815 4840
0002816 5920
0002817 6280
0002818 8320
0002819 8680
0002820 9040
0002821 9400
0002822 3293
0002823 3573
0002824 3571
0002825 6192
0002826 3553
0002827 4594
0002828 4954
0002829 5314
0002830 6034
0002831 8194
0002832 8554
0002833 8914
0002834 9274
0002835 9634
0002836 3532
0002837 3712
0002838 7312
0002839 7672
0002840 9281
0002841 6971
0002842 7331
0002843 7840
0002844 5440
0002845 6880
0002846 4391
0002847 4931
0002848 2921
0002849 5471
0002850 8051
0002851 9191
0002852 5891
0002853 4211
0002854 3463
0002855 3629
0002856 3526
0002857 5473
0002858 3520
0002859 3760
0002860 8620
0002861 9340
0002862 9460
0002863 7240
0002864 7091
0002865 7451
0002866 3493
0002867 3851
0002868 4331
0002869 4571
0002870 4691
0002871 5171
0002872 5651
0002873 7811
0002874 8171
0002875 8531
0002876 2771
0002877 8260
0002878 8980
0002879 4631
0002880 6431
0002881 8231
0002882 8591
0002883 8951
0002884 5080
0002885 5800
0002886 6222
0002887 3673
0002888 7313
0002889 6973
0002890 3725
0002891 6670
0002892 5590
0002893 5950
0002894 6376
0002895 3838
0002896 2938
0002897 4870
0002898 8110
0002899 2993
0002900 3143
0002901 8339
0002902 6713
0002903 7433
0002904 3965
0002905 4325
0002906 4757
0002907 6137
0002908 6497
0002909 6857
0002910 7205
0002911 7565
0002912 9193
0002913 9553
0002914 6509
0002915 2650
0002916 3682
0002917 3732
0002918 3736
0002919 6463
0002920 6465
0002921 9645
0002922 9647
0002923 9649
0002924 9655
0002925 9657
0002926 5235
0002927 9641
0002928 9643
0002929 9651
0002930 9653
0002931 6045
0002932 3762
0002933 6115
0002934 6117
0002935 6473
0002936 6223
0002937 7109
0002938 6718
0002939 7096
0002940 6358
0002941 7816
0002942 4318
0002943 4678
0002944 5758
0002945 6118
0002946 6478
0002947 3958
0002948 6797
0002949 7157
0002950 3238
0002951 3376
0002952 6929
0002953 4769
0002954 5129
0002955 5489
0002956 6569
0002957 7649
0002958 8345
0002959 8705
0002960 9089
0002961 2969
0002962 3485
0002963 4198
0002964 4558
0002965 4918
0002966 5998
0002967 3148
0002968 6538
0002969 8698
0002970 9058
0002971 3418
0002972 9160
0002973 2825
0002974 6737
0002975 8111
0002976 7391
0002977 3135
0002978 3502
0002979 2741
0002980 3283
0002981 8135
0002982 8495
0002983 8855
0002984 9215
0002985 9575
0002986 2735
0002987 3545
0002988 3995
0002989 4355
0002990 6875
0002991 7595
0002992 8800
0002993 2860
0002994 6642
0002995 6792
0002996 4667
0002997 6107
0002998 6467
0002999 7907
0003000 8267
0003001 4307
0003002 7187
0003003 7547
0003004 7367
0003005 3473
0003006 7924
0003007 8284
0003008 8644
0003009 3064
0003010 3244
0003011 4864
0003012 5224
0003013 5584
0003014 5944
0003015 6304
0003016 6664
0003017 3604
0003018 3964
0003019 4324
0003020 4144
0003021 7384
0003022 8183
0003023 8903
0003024 9263
0003025 2963
0003026 4763
0003027 5123
0003028 5483
0003029 5843
0003030 6203
0003031 6563
0003032 3863
0003033 4223
0003034 6743
0003035 7463
0003036 3773
0003037 6923
0003038 7283
0003039 7643
0003040 2957
0003041 3070
0003042 2572
0003043 2776
0003044 3250
0003045 7126
0003046 3886
0003047 4246
0003048 6766
0003049 7486
0003050 6946
0003051 5326
0003052 8206
0003053 8566
0003054 8926
0003055 9286
0003056 3893
0003057 4253
0003058 7553
0003059 8735
0003060 9095
0003061 2621
0003062 2848
0003063 3208
0003064 8968
0003065 3292
0003066 7499
0003067 8381
0003068 8741
0003069 9071
0003070 6073
0003071 2956
0003072 6551
0003073 3538
0003074 3612
0003075 6253
0003076 8441
0003077 4816
0003078 5176
0003079 5896
0003080 7696
0003081 4576
0003082 4936
0003083 5296
0003084 5416
0003085 5656
0003086 5776
0003087 6136
0003088 6496
0003089 8056
0003090 8176
0003091 8656
0003092 9376
0003093 6976
0003094 5356
0003095 4096
0003096 3856
0003097 4216
0003098 6736
0003099 7456
0003100 6796
0003101 7156
0003102 7396
0003103 3616
0003104 7222
0003105 6982
0003106 7522
0003107 4822
0003108 5182
0003109 5902
0003110 6262
0003111 5753
0003112 7984
0003113 5962
0003114 7931
0003115 3142
0003116 6466
0003117 5310
0003118 6750
0003119 5272
0003120 4942
0003121 6329
0003122 3905
0003123 7877
0003124 8237
0003125 3929
0003126 4289
0003127 7169
0003128 3559
0003129 3448
0003130 2926
0003131 3088
0003132 4726
0003133 8488
0003134 8668
0003135 8848
0003136 9208
0003137 9388
0003138 2644
0003139 3388
0003140 2459
0003141 2639
0003142 2999
0003143 5339
0003144 8399
0003145 8759
0003146 8939
0003147 7303
0003148 6762
0003149 5585
0003150 2476
0003151 6089
0003152 2800
0003153 3160
0003154 8560
0003155 3472
0003156 8332
0003157 8920
0003158 2866
0003159 9280
0003160 3826
0003161 3112
0003162 3172
0003163 3232
0003164 3412
0003165 3508
0003166 3688
0003167 3868
0003168 2620
0003169 3809
0003170 4169
0003171 4649
0003172 4889
0003173 5249
0003174 5369
0003175 5609
0003176 5849
0003177 5969
0003178 6209
0003179 6449
0003180 6689
0003181 7289
0003182 7409
0003183 7889
0003184 3437
0003185 3977
0003186 4157
0003187 4337
0003188 4517
0003189 4577
0003190 4877
0003191 4937
0003192 5237
0003193 5297
0003194 5597
0003195 5657
0003196 5837
0003197 5957
0003198 6197
0003199 6257
0003200 6317
0003201 6557
0003202 6677
0003203 6917
0003204 7217
0003205 7277
0003206 7577
0003207 7637
0003208 8057
0003209 8117
0003210 8207
0003211 8573
0003212 9113
0003213 3713
0003214 4973
0003215 2813
0003216 8213
0003217 8393
0003218 8753
0003219 8933
0003220 9293
0003221 9473
0003222 3634
0003223 3874
0003224 4114
0003225 4234
0003226 6874
0003227 6994
0003228 7234
0003229 7354
0003230 4834
0003231 5194
0003232 5434
0003233 5794
0003234 5914
0003235 6154
0003236 6274
0003237 6514
0003238 8074
0003239 2705
0003240 2945
0003241 3185
0003242 4379
0003243 4499
0003244 4739
0003245 5099
0003246 5219
0003247 5459
0003248 5579
0003249 5819
0003250 5939
0003251 6539
0003252 6899
0003253 7259
0003254 7619
0003255 8225
0003256 8585
0003257 8945
0003258 3899
0003259 7960
0003260 3280
0003261 4720
0003262 9580
0003263 5104
0003264 5464
0003265 5824
0003266 2698
0003267 8212
0003268 3124
0003269 8134
0003270 8254
0003271 2795
0003272 7271
0003273 7631
0003274 7991
0003275 4229
0003276 7469
0003277 8915
0003278 3875
0003279 8195
0003280 2975
0003281 3695
0003282 9455
0003283 8555
0003284 9275
0003285 3484
0003286 4564
0003287 4924
0003288 5284
0003289 6364
0003290 6724
0003291 7084
0003292 4150
0003293 4510
0003294 5386
0003295 5746
0003296 6286
0003297 6646
0003298 7546
0003299 7906
0003300 9178
0003301 8998
0003302 4138
0003303 4498
0003304 9538
0003305 3058
0003306 9358
0003307 2878
0003308 4145
0003309 5765
0003310 6305
0003311 6845
0003312 7385
0003313 6665
0003314 8651
0003315 8182
0003316 8152
0003317 8872
0003318 8362
0003319 8536
0003320 8506
0003321 3982
0003322 4222
0003323 4582
0003324 4702
0003325 5662
0003326 6022
0003327 6382
0003328 7462
0003329 7582
0003330 5626
0003331 5986
0003332 6346
0003333 3478
0003334 6775
0003335 7983
0003336 4775
0003337 5135
0003338 5375
0003339 5495
0003340 5735
0003341 5855
0003342 6215
0003343 6575
0003344 6815
0003345 6935
0003346 7295
0003347 7655
0003348 7895
0003349 4085
0003350 4805
0003351 8045
0003352 8405
0003353 9125
0003354 6852
0003355 5632
0003356 5742
0003357 8518
0003358 8878
0003359 7325
0003360 7529
0003361 8597
0003362 8746
0003363 9106
0003364 5364
0003365 5334
0003366 5873
0003367 5093
0003368 6347
0003369 9568
0003370 4132
0003371 4762
0003372 4852
0003373 5212
0003374 5482
0003375 5842
0003376 6562
0003377 6652
0003378 7132
0003379 7252
0003380 7612
0003381 2656
0003382 2836
0003383 3136
0003384 3226
0003385 3406
0003386 8116
0003387 8308
0003388 8578
0003389 8758
0003390 9190
0003391 2914
0003392 3094
0003393 2704
0003394 3118
0003395 9238
0003396 8158
0003397 5273
0003398 5813
0003399 6173
0003400 6533
0003401 9527
0003402 3149
0003403 8285
0003404 8375
0003405 8465
0003406 2675
0003407 2867
0003408 8627
0003409 8987
0003410 9347
0003411 8063
0003412 5165
0003413 6245
0003414 7685
0003415 3869
0003416 3844
0003417 8315
0003418 8675
0003419 9035
0003420 6682
0003421 7282
0003422 7402
0003423 4204
0003424 3755
0003425 7505
0003426 5315
0003427 5675
0003428 6755
0003429 8404
0003430 8764
0003431 9124
0003432 4396
0003433 8572
0003434 9112
0003435 4186
0003436 4666
0003437 5146
0003438 6106
0003439 6586
0003440 8789
0003441 9329
0003442 8249
0003443 9328
0003444 4192
0003445 8083
0003446 8085
0003447 3916
0003448 4276
0003449 4636
0003450 4996
0003451 5116
0003452 5476
0003453 5716
0003454 6076
0003455 6436
0003456 7876
0003457 2830
0003458 3827
0003459 5627
0003460 5987
0003461 8411
0003462 8771
0003463 9131
0003464 9311
0003465 9491
0003466 9671
0003467 4306
0003468 8626
0003469 9346
0003470 8861
0003471 2579
0003472 3119
0003473 3299
0003474 7444
0003475 8122
0003476 9202
0003477 3665
0003478 8897
0003479 3137
0003480 3425
0003481 7145
0003482 2873
0003483 3233
0003484 7853
0003485 2692
0003486 2872
0003487 4492
0003488 2783
0003489 6298
0003490 6502
0003491 9670
0003492 2531
0003493 2879
0003494 3256
0003495 3076
0003496 5644
0003497 3605
0003498 2902
0003499 3121
0003500 3196
0003501 7613
0003502 7349
0003503 4486
0003504 3107
0003505 5722
0003506 6381
0003507 9364
0003508 8891
0003509 3646
0003510 4366
0003511 4546
0003512 3178
0003513 5092
0003514 5812
0003515 6172
0003516 6532
0003517 7972
0003518 8092
0003519 8494
0003520 4126
0003521 5206
0003522 5111
0003523 8075
0003524 8776
0003525 4912
0003526 7792
0003527 3706
0003528 4786
0003529 4906
0003530 5266
0003531 6226
0003532 6826
0003533 7186
0003534 7306
0003535 7426
0003536 7786
0003537 8146
0003538 8956
0003539 9136
0003540 9316
0003541 9496
0003542 8513
0003543 8873
0003544 9233
0003545 9413
0003546 8105
0003547 8351
0003548 8711
0003549 5453
0003550 6653
0003551 6893
0003552 7253
0003553 8153
0003554 8519
0003555 8699
0003556 2753
0003557 2752
0003558 4751
0003559 3833
0003560 8470
0003561 5782
0003562 8302
0003563 8422
0003564 8542
0003565 8662
0003566 8782
0003567 8902
0003568 9142
0003569 9262
0003570 9382
0003571 4342
0003572 9431
0003573 9551
0003574 2939
0003575 4865
0003576 5945
0003577 9101
0003578 7829
0003579 8189
0003580 8549
0003581 8938
0003582 8723
0003583 2974
0003584 4313
0003585 3619
0003586 3749
0003587 2740
0003588 2920
0003589 4529
0003590 5429
0003591 6149
0003592 4709
0003593 7949
0003594 5122
0003595 9269
0003596 8159
0003597 8369
0003598 8909
0003599 3785
0003600 3845
0003601 4205
0003602 4265
0003603 4385
0003604 4565
0003605 4745
0003606 5345
0003607 5645
0003608 5705
0003609 5825
0003610 6185
0003611 6725
0003612 6785
0003613 7085
0003614 7265
0003615 7445
0003616 7625
0003617 2651
0003618 2729
0003619 2663
0003620 8423
0003621 2633
0003622 3830
0003623 5382
0003624 2855
0003625 6060
0003626 8932
0003627 9292
0003628 5105
0003629 5465
0003630 6545
0003631 7985
0003632 6296
0003633 6294
0003634 8458
0003635 2548
0003636 8452
0003637 2614
0003638 8374
0003639 2536
0003640 2584
0003641 8344
0003642 2554
0003643 6643
0003644 2986
0003645 5743
0003646 3997
0003647 4177
0003648 4357
0003649 4537
0003650 3615
0003651 6312
0003652 3643
0003653 7193
0003654 7913
0003655 8093
0003656 2560
0003657 3253
0003658 8321
0003659 3780
0003660 6629
0003661 5413
0003662 6833
0003663 8363
0003664 2890
0003665 8681
0003666 9041
0003667 9401
0003668 4552
0003669 5992
0003670 9502
0003671 6712
0003672 7432
0003673 8129
0003674 8309
0003675 8489
0003676 8849
0003677 9209
0003678 6373
0003679 6733
0003680 3442
0003681 2794
0003682 9305
0003683 8765
0003684 6905
0003685 1301
0003686 10335
0003687 10341
0003688 10347
0003689 10353
0003690 10359
0003691 19001
0003692 10339
0003693 10351
0003694 10363
0003695 10343
0003696 10349
0003697 10355
0003698 10361
0003699 10365
0003700 1100
0003701 2488
0003702 10356
0003703 10362
0003704 10368
0003705 10374
0003706 10382
0003707 10358
0003708 10370
0003709 10380
0003710 10360
0003711 10366
0003712 10372
0003713 10378
0003714 10384
0003715 61001
0003716 61003
0003717 61005
0003718 61009
0003719 61013
0003720 61017
0003721 61021
0003722 61025
0003723 61029
0003724 61033
0003725 61035
0003726 61037
0003727 61039
0003728 61041
0003729 61043
0003730 61045
0003731 61047
0003732 61049
0003733 61051
0003734 61053
0003735 61055
0003736 61057
0003737 61059
0003738 61061
0003739 61065
0003740 61067
0003741 61069
0003742 61071
0003743 61073
0003744 61075
0003745 61077
0003746 61079
0003747 61081
0003748 61007
0003749 61011
0003750 61015
0003751 61019
0003752 61023
0003753 61027
0003754 61031
0003755 61063
0003756 28001
0003757 28003
0003758 28007
0003759 28009
0003760 28011
0003761 28013
0003762 28015
0003763 28019
0003764 28021
0003765 28023
0003766 28025
0003767 28027
0003768 28029
0003769 28031
0003770 28033
0003771 28035
0003772 28037
0003773 28039
0003774 28041
0003775 60001
0003776 60003
0003777 60017
0003778 60027
0003779 60041
0003780 60045
0003781 60053
0003782 60061
0003783 60071
0003784 60083
0003785 60087
0003786 60099
0003787 60101
0003788 60117
0003789 60125
0003790 60127
0003791 60129
0003792 60135
0003793 60137
0003794 60147
0003795 60149
0003796 60151
0003797 60169
0003798 60171
0003799 60181
0003800 60183
0003801 60191
0003802 60193
0003803 60203
0003804 60209
0003805 60211
0003806 60213
0003807 60219
0003808 60221
0003809 60225
0003810 60227
0003811 60233
0003812 60235
0003813 60237
0003814 60239
0003815 60241
0003816 60253
0003817 60255
0003818 60257
0003819 60259
0003820 60261
0003821 60267
0003822 60279
0003823 60281
0003824 60283
0003825 60291
0003826 60295
0003827 60297
0003828 60299
0003829 60301
0003830 60303
0003831 60305
0003832 60307
0003833 60309
0003834 60311
0003835 60313
0003836 60315
0003837 28043
0003838 28045
0003839 28047
0003840 60163
0003841 60293
0003842 28005
0003843 28017
0003844 60005
0003845 60007
0003846 60009
0003847 60011
0003848 60013
0003849 60015
0003850 60019
0003851 60021
0003852 60023
0003853 60025
0003854 60029
0003855 60037
0003856 60039
0003857 60047
0003858 60055
0003859 60057
0003860 60059
0003861 60063
0003862 60065
0003863 60067
0003864 60069
0003865 60073
0003866 60077
0003867 60079
0003868 60081
0003869 60089
0003870 60091
0003871 60093
0003872 60095
0003873 60097
0003874 60107
0003875 60109
0003876 60111
0003877 60113
0003878 60115
0003879 60119
0003880 60121
0003881 60123
0003882 60131
0003883 60133
0003884 60139
0003885 60141
0003886 60143
0003887 60145
0003888 60157
0003889 60159
0003890 60161
0003891 60165
0003892 60167
0003893 60173
0003894 60175
0003895 60177
0003896 60179
0003897 60185
0003898 60187
0003899 60189
0003900 60199
0003901 60201
0003902 60205
0003903 60207
0003904 60215
0003905 60217
0003906 60223
0003907 60229
0003908 60231
0003909 60249
0003910 60251
0003911 60263
0003912 60265
0003913 60269
0003914 60271
0003915 60273
0003916 60275
0003917 60277
0003918 60289
0003919 64001
0003920 64003
0003921 64005
0003922 64007
0003923 63001
0003924 63003
0003925 63005
0003926 63007
0003927 63009
0003928 63000
0003929 63002
0003930 63004
0003931 60006
0003932 28006
0003933 28008
0003934 28010
0003935 28018
0003936 28020
0003937 28022
0003938 28024
0003939 28026
0003940 28028
0003941 28030
0003942 28032
0003943 28034
0003944 28036
0003945 28038
0003946 28040
0003947 28042
0003948 28044
0003949 28046
0003950 60008
0003951 60018
0003952 60034
0003953 60050
0003954 60052
0003955 60066
0003956 60068
0003957 60082
0003958 60084
0003959 60098
0003960 60100
0003961 60112
0003962 60114
0003963 60116
0003964 60126
0003965 60128
0003966 60130
0003967 60134
0003968 60140
0003969 60142
0003970 60144
0003971 60148
0003972 60150
0003973 60156
0003974 60158
0003975 60162
0003976 60164
0003977 60166
0003978 60172
0003979 60174
0003980 60180
0003981 60186
0003982 60188
0003983 60190
0003984 60194
0003985 60206
0003986 60208
0003987 60210
0003988 60218
0003989 60222
0003990 60224
0003991 60226
0003992 60230
0003993 60232
0003994 60234
0003995 60236
0003996 60238
0003997 60240
0003998 60242
0003999 60246
0004000 60250
0004001 60252
0004002 60254
0004003 60256
0004004 60258
0004005 28012
0004006 28014
0004007 28016
0004008 60104
0004009 60178
0004010 60244
0004011 28000
0004012 28002
0004013 28004
0004014 60000
0004015 60002
0004016 60004
0004017 60010
0004018 60012
0004019 60014
0004020 60016
0004021 60020
0004022 60022
0004023 60024
0004024 60026
0004025 60028
0004026 60030
0004027 60032
0004028 60036
0004029 60038
0004030 60040
0004031 60042
0004032 60044
0004033 60046
0004034 60048
0004035 60054
0004036 60056
0004037 60058
0004038 60060
0004039 60062
0004040 60064
0004041 60070
0004042 60072
0004043 60074
0004044 60076
0004045 60078
0004046 60080
0004047 60086
0004048 60088
0004049 60090
0004050 60092
0004051 60094
0004052 60096
0004053 60102
0004054 60106
0004055 60108
0004056 60110
0004057 60118
0004058 60120
0004059 60122
0004060 60124
0004061 60132
0004062 60136
0004063 60138
0004064 60146
0004065 60152
0004066 60154
0004067 60160
0004068 60168
0004069 60170
0004070 60176
0004071 60182
0004072 60184
0004073 60192
0004074 60196
0004075 60198
0004076 60200
0004077 60202
0004078 60204
0004079 60212
0004080 60214
0004081 60216
0004082 60220
0004083 60228
0004084 60248
0004085 61000
0004086 61002
0004087 61004
0004088 61006
0004089 61010
0004090 61014
0004091 61018
0004092 61022
0004093 61026
0004094 61030
0004095 61034
0004096 61038
0004097 61040
0004098 61042
0004099 61044
0004100 61046
0004101 61048
0004102 61050
0004103 61052
0004104 61054
0004105 61056
0004106 61058
0004107 61060
0004108 61062
0004109 61064
0004110 61066
0004111 61068
0004112 61070
0004113 61072
0004114 61074
0004115 61076
0004116 61078
0004117 61080
0004118 61008
0004119 61012
0004120 61016
0004121 61020
0004122 61024
0004123 61028
0004124 61032
0004125 61036
0004126 30303
0004127 30307
0004128 30301
0004129 30305
0004130 30311
0004131 30001
0004132 30005
0004133 30013
0004134 30021
0004135 30029
0004136 30037
0004137 30045
0004138 30053
0004139 30061
0004140 30069
0004141 30077
0004142 30085
0004143 30093
0004144 30101
0004145 30109
0004146 30117
0004147 30125
0004148 30133
0004149 30141
0004150 30309
0004151 30313
0004152 30300
0004153 30306
0004154 30006
0004155 30014
0004156 30026
0004157 30034
0004158 30042
0004159 30050
0004160 30058
0004161 30066
0004162 30074
0004163 30082
0004164 30090
0004165 30098
0004166 30106
0004167 30114
0004168 30122
0004169 30130
0004170 30138
0004171 30146
0004172 30154
0004173 30302
0004174 30308
0004175 30304
0004176 30314
0004177 30310
0004178 50003
0004179 50007
0004180 50011
0004181 50015
0004182 50021
0004183 50027
0004184 50033
0004185 50039
0004186 50045
0004187 50051
0004188 50057
0004189 50063
0004190 50069
0004191 50075
0004192 50081
0004193 50085
0004194 50091
0004195 50095
0004196 50001
0004197 50101
0004198 50005
0004199 50009
0004200 50013
0004201 50019
0004202 50025
0004203 50029
0004204 50037
0004205 50043
0004206 50049
0004207 50055
0004208 50061
0004209 50065
0004210 50071
0004211 50073
0004212 50077
0004213 50079
0004214 50083
0004215 50087
0004216 50089
0004217 50017
0004218 50023
0004219 50031
0004220 50035
0004221 50041
0004222 50047
0004223 50053
0004224 50059
0004225 50067
0004226 50002
0004227 50006
0004228 50010
0004229 50014
0004230 50020
0004231 50026
0004232 50032
0004233 50038
0004234 50044
0004235 50050
0004236 50056
0004237 50060
0004238 50064
0004239 50068
0004240 50074
0004241 50080
0004242 50084
0004243 50092
0004244 50000
0004245 50004
0004246 50008
0004247 50012
0004248 50016
0004249 50022
0004250 50030
0004251 50036
0004252 50040
0004253 50046
0004254 50052
0004255 50058
0004256 50062
0004257 50066
0004258 50070
0004259 50076
0004260 50082
0004261 50088
0004262 50094
0004263 50018
0004264 50024
0004265 50028
0004266 50034
0004267 50042
0004268 50048
0004269 50054
0004270 50072
0004271 50078
0004272 70003
0004273 70009
0004274 70015
0004275 70019
0004276 70023
0004277 70027
0004278 70031
0004279 70033
0004280 70035
0004281 70037
0004282 70039
0004283 70041
0004284 70043
0004285 70045
0004286 70047
0004287 70049
0004288 70051
0004289 70053
0004290 70055
0004291 70059
0004292 70061
0004293 70065
0004294 70067
0004295 70069
0004296 70071
0004297 70073
0004298 70075
0004299 70077
0004300 70079
0004301 70081
0004302 70083
0004303 70001
0004304 70005
0004305 70007
0004306 70011
0004307 70013
0004308 70017
0004309 70021
0004310 70025
0004311 70029
0004312 70057
0004313 70063
0004314 70012
0004315 70018
0004316 70022
0004317 70026
0004318 70030
0004319 70032
0004320 70034
0004321 70036
0004322 70038
0004323 70040
0004324 70042
0004325 70044
0004326 70046
0004327 70048
0004328 70050
0004329 70052
0004330 70054
0004331 70056
0004332 70058
0004333 70062
0004334 70064
0004335 70068
0004336 70070
0004337 70072
0004338 70074
0004339 70076
0004340 70078
0004341 70080
0004342 70082
0004343 70104
0004344 70000
0004345 70002
0004346 70004
0004347 70006
0004348 70008
0004349 70010
0004350 70016
0004351 70020
0004352 70024
0004353 70028
0004354 122
0004355 130
0004356 142
0004357 158
0004358 116
0004359 118
0004360 126
0004361 134
0004362 154
0004363 138
0004364 114
0004365 110
0004366 112
0004367 150
0004368 146
0004369 115
0004370 123
0004371 131
0004372 149
0004373 159
0004374 111
0004375 117
0004376 119
0004377 127
0004378 155
0004379 113
0004380 139
0004381 143
0004382 157
0004383 135
0004385 8299985
0004386 8299998
0004390 8299988
0004391 8299992
0004392 8025181
0004393 8025191
0004394 8025349
0004397 8025363
0004400 8099896
0004401 8200640
0004402 8025345
0004403 8299990
0004407 8299993
0004408 8099895
0004409 8200940
0004412 8200341
0004414 8799894
0004415 8799893
0004416 8299986
0004419 8299989
0004420 8299987
0004423 8719400
0004424 8025391
0004425 8721202
0004427 8099897
0004430 8799883
0004433 8799881
