*F 45 2
200403005 20199322
200402003 20199322
200402004 20199322
200304002 20199316
200417037 20199322
200412005 20199322
200404022 20199322
200419026 20199322
200404024 20199322
200417038 20199322
200419024 20199322
200425005 20199322
200419020 20199322
201004002 20199354
200801007 20199346
200801005 20199346
200801008 20199346
200801003 20199346
200801004 20199346
200901015 20199351
200901014 20199351
200901003 20199351
200405008 20199322
200419019 20199322
200425008 20199322
200419014 20199322
200425009 20199322
200404016 20199322
200425002 20199351
200419004 20199322
200412016 20199322
200405001 20199322
200404012 20199322
200419003 20199322
200404004 20199322
200419028 20199322
200419008 20199322
200419012 20199322
200419022 20199322
200901004 20199351
200901017 20199351
200426002 20199322
200405016 20199322
200417030 20199322
200419023 20199322
200414005 20199322
200414002 20199322
200414001 20199322
200414008 20199322
200414004 20199322
200415004 20199322
200412012 20199322
200417005 20199322
200412007 20199322
200420002 20199322
200417016 20199322
200417007 20199322
200404003 20199322
200424001 20199322
200405035 20199322
200423004 20199322
200412003 20199322
200412001 20199322
200414007 20199322
200408007 20199322
200405020 20199322
200409009 20199322
200404018 20199322
200405006 20199322
200406018 20199322
200406004 20199322
200406003 20199322
200406019 20199322
200405024 20199322
200417032 20199322
200801002 20199346
200405038 20199322
200422003 20199322
200422007 20199322
200417004 20199322
200422005 20199322
200407008 20199322
200402006 20199322
200407006 20199322
200422009 20199322
200422001 20199322
200402007 20199322
200422008 20199322
200422011 20199322
200405003 20199322
200419005 20199322
200404021 20199322
200404028 20199322
200416001 20199336
200404033 20199322
200415008 20199322
200412011 20199322
200412002 20199322
200415013 20199322
200417001 20199322
200403010 20199322
200404014 20199322
200404023 20199322
200304007 20199316
200419034 20199322
200419010 20199322
200404017 20199322
201004001 20199354
200419030 20199322
200404036 20199322
200419001 20199322
200404013 20199322
200409003 20199322
200405039 20199322
200304006 20199316
200304011 20199316
200901018 20199351
200406011 20199322
200420001 20199322
200406007 20199322
200901025 20199351
200406017 20199322
200406012 20199322
200901019 20199351
200408008 20199322
200408006 20199322
200501004 20199336
200403015 20199322
200508001 20199327
200404020 20199322
200404029 20199322
200420004 20199322
200412004 20199322
200412008 20199322
200420003 20199322
200403002 20199322
200403001 20199322
200405018 20199322
200508003 20199327
200423001 20199322
200404037 20199322
200404027 20199322
200406010 20199322
200406002 20199322
200406005 20199322
200405007 20199322
200403017 20199322
200425004 20199322
200420011 20199322
200420008 20199322
200420014 20199322
200420013 20199322
200419029 20199322
200901013 20199351
200901008 20199351
200901026 20199307
200425011 20199322
200425012 20199322
200421004 20199322
200420010 20199322
200426006 20199322
200415011 20199322
200426011 20199322
200408003 20199322
200426004 20199322
200408005 20199322
200406013 20199322
200408001 20199322
200417022 20199322
200417025 20199322
200406015 20199322
200423002 20199322
200406009 20199322
200403019 20199322
200403003 20199322
200420009 20199322
200419007 20199322
200304008 20199316
200405022 20199322
200403008 20199322
200404025 20199322
200419013 20199322
200410005 20199322
200419018 20199322
200419025 20199322
200419002 20199322
200419011 20199322
200419035 20199322
200403007 20199322
200420012 20199322
200403013 20199322
200403021 20199322
200409011 20199322
200409008 20199322
200403004 20199322
200417013 20199322
200412020 20199322
200404005 20199322
200404011 20199322
200404006 20199322
200412019 20199322
200422006 20199322
200422002 20199322
200417020 20199322
200426005 20199322
200426008 20199322
200426009 20199322
200426010 20199322
200417018 20199322
200413001 20199322
200404034 20199322
200405010 20199322
200404026 20199322
200423003 20199322
200403020 20199322
200423005 20199322
200304003 20199316
200409010 20199322
200406016 20199322
200426001 20199322
200406008 20199322
200426003 20199322
200304005 20199316
200304013 20199316
200417024 20199322
200417026 20199322
200417021 20199322
200421006 20199322
200421003 20199322
200415012 20199322
200407011 20199322
200407009 20199322
200403014 20199322
200407012 20199322
200407010 20199322
200412009 20199322
200412006 20199322
200415001 20199322
200426007 20199322
200414006 20199322
200403016 20199322
200101010 20199307
200405012 20199322
200101012 20199307
200101014 20199307
200101006 20199307
200101004 20199307
200101008 20199307
200303002 20199316
200404035 20199322
200102001 20199307
200102002 20199307
200404038 20199322
200404019 20199322
200101011 20199307
200101019 20199307
200101002 20199307
200412017 20199322
200412010 20199322
200304004 20199316
200418001 20199322
200418003 20199322
200415009 20199322
200405025 20199322
200414003 20199322
200404007 20199322
200410002 20199322
200417008 20199322
200417036 20199322
200405026 20199322
200901024 20199351
200415006 20199322
200405032 20199322
200403006 20199322
200405002 20199322
160301007 20199495
160301002 20199495
161001004 20199541
141001004 20199678
141001003 20199678
160601001 20199517
170804002 20199897
170101002 20199852
170301002 20199867
170501013 20199877
170501015 20199877
170101003 20199852
180305001 20199919
200504006 20199327
210701006 20199988
210701008 20199988
210803005 20199991
170601004 20199880
200405005 20199322
210801001 20199991
210801003 20199991
210402001 20199974
180803003 20199952
180803004 20199952
200405037 20199322
200405014 20199322
200504001 20199327
180101001 20199904
180102002 20199904
180102001 20199904
180803001 20199952
140701016 20199667
140603001 20199662
140401004 20199653
140401007 20199653
140401009 20199653
140401001 20199653
140401006 20199653
140401005 20199653
140203002 20199640
140203001 20199640
130207002 23470845
130201003 23470845
140201002 20199640
140201003 20199640
140204002 20199640
130204001 23470845
130202002 23470845
141203002 20199685
170101009 20199852
170101006 20199852
170301004 20199867
141204001 20199685
170102001 20199852
170303002 20199852
170302001 20199867
130301010 20199780
130301006 20199780
130301012 20199780
130101002 20199771
130101003 20199771
130106003 20199771
130106001 20199771
110406001 20199575
180401006 20199926
180701006 20199948
180701003 20199948
180701002 20199948
180703001 20199948
170605001 20199880
170703001 20199888
170704003 20199888
170705003 20199888
170705001 20199888
170501009 20199877
170501006 20199877
170501003 20199877
200409005 20199322
200410003 20199322
180508001 20199929
180508003 20199929
180508004 20199929
180511002 20199929
180511005 20199929
180511007 20199929
180509002 20199929
180509001 20199929
170404001 20199871
180801002 20199952
200403009 20199322
200404001 20199322
200405013 20199322
200419021 20199322
200204004 20199310
200601001 20199336
200601002 20199336
200601008 20199336
200601005 20199336
210801002 20199991
180801001 20199952
180804002 20199952
180802004 20199952
180802003 20199952
210402002 20199974
210801005 20199991
210401006 20199974
170501012 20199877
180303001 20199919
180303002 20199919
180401002 20199926
180305002 20199919
180305003 20199919
180305004 20199919
180306001 20199919
200203003 20199310
170501005 20199877
220201001 20199375
220301010 20199380
220301018 20199380
220301011 20199380
220301007 20199380
220301003 20199380
220301005 20199380
220301006 20199380
220301041 20199380
220301045 20199380
220301044 20199380
220301054 20199380
220301026 20199380
220301042 20199380
220301037 20199380
220301053 20199380
220301008 20199380
220301023 20199380
220301039 20199380
220301055 20199380
220301020 20199380
220301017 20199380
220301052 20199380
220301040 20199380
220301016 20199380
220301035 20199380
220301057 20199380
220301004 20199380
220301033 20199380
220402102 20199365
220402053 20199365
220402012 20199365
220402098 20199365
220402005 20199365
220402013 20199365
220402076 20199365
220402052 20199365
220402002 20199365
220402035 20199365
220402092 20199365
220402044 20199365
220402027 20199365
220402026 20199365
220201041 20199375
220201025 20199375
220201036 20199375
220201044 20199375
220201004 20199375
220201012 20199375
220201002 20199375
220202002 20199375
220202003 20199375
220202001 20199375
220402065 20199365
221201011 20199415
221201002 20199415
220601012 20199389
220301030 20199380
220301031 20199380
220301019 20199380
220301002 20199380
220301013 20199380
220301048 20199380
220601013 20199389
220601014 20199389
220602004 20199389
220602008 20199389
221201012 20199415
221201009 20199415
221201004 20199415
221201007 20199415
221201006 20199415
220601004 20199389
220601017 20199389
220601021 20199389
220601010 20199389
220601005 20199389
220601011 20199389
221401008 20199432
221401003 20199432
220402054 20199365
220901007 20199402
190101003 20199436
221304001 20199426
221302002 20199426
221302007 20199426
221302001 20199426
220201039 20199375
221304004 20199426
221304007 20199426
221301011 20199426
220203003 20199375
220903002 20199402
220903020 20199402
220903013 20199402
220903010 20199402
220903018 20199402
220901009 20199402
190103003 20199402
190102002 20199436
190102003 20199436
190101019 20199436
190101008 20199436
190101014 20199436
221303002 20199426
220203011 20199375
220402091 20199365
220402031 20199365
220402042 20199365
220402111 20199365
220402095 20199365
220402083 20199365
220402082 20199365
220402025 20199365
220402107 20199365
220402001 20199365
220402067 20199365
220402033 20199365
220402112 20199365
220402004 20199365
220402104 20199365
220402051 20199365
220301009 20199380
220301027 20199380
220301049 20199380
220301050 20199380
220301014 20199380
220301056 20199380
220301038 20199380
220301024 20199380
220301036 20199380
220201018 20199375
220201006 20199375
220901006 20199402
220901013 20199402
220901012 20199402
220203002 20199375
220203004 20199375
220203008 20199375
220201057 20199375
220201034 20199375
220201054 20199375
220204004 20199375
220402079 20199365
220402106 20199365
220402105 20199365
220402034 20199365
220301046 20199380
220901005 20199402
220901001 20199402
220402014 20199365
220903009 20199402
220402087 20199365
220602006 20199389
220402064 20199365
220601009 20199389
220601002 20199389
220601007 20199389
220402086 20199365
220903012 20199402
221301018 20199426
220402022 20199365
220902018 20199436
200102005 20199307
200901007 20199351
200101017 20199307
140701023 20199667
140701020 20199667
140701039 20199667
140701013 20199667
140701040 20199667
140701038 20199667
140701007 20199667
140701028 20199667
140701031 20199667
140701006 20199667
140701015 20199667
120903007 20199834
120903040 20199834
120903030 20199834
120903025 20199834
220201032 20199375
220201045 20199375
220203027 20199375
220203029 20199375
220203023 20199375
220201031 20199375
220201028 20199375
200901002 20199351
220201023 20199375
160601006 20199517
160501002 20199513
160501004 20199513
160502001 20199513
180511006 20199929
180507001 20199929
180501001 20199929
180504001 20199929
180504002 20199929
180504003 20199929
180510001 20199929
160802001 20199525
160806001 20199525
160801001 20199525
180505001 20199929
201005001 20199327
200405036 20199322
180511003 20199929
160601005 20199517
141001001 20199678
140503001 20199678
140503002 20199678
160601007 20199517
160602002 20199517
160501005 20199513
140401008 20199653
140701024 20199667
170803002 20199897
170801002 20199897
170802002 20199897
170101001 20199852
170801001 20199897
200405029 20199322
170405001 20199871
170207001 20199858
170501004 20199877
170503001 20199877
170502001 20199877
170405003 20199871
170205001 20199858
200509001 20199327
170403001 20199871
170403002 20199871
170402002 20199871
170402005 20199871
170402001 20199871
170501007 20199877
170501002 20199877
170301003 20199867
170305001 20199867
170402004 20199871
170202002 20199858
150105002 20199694
170203002 20199858
170205002 20199858
180502002 20199929
180502001 20199929
170402006 20199871
200404008 20199322
200304010 20199316
180703002 20199948
180508005 20199929
200502001 20199327
200502002 20199327
200506003 20199327
200506001 20199327
200506006 20199327
200508002 20199327
200508011 20199327
200502003 20199327
200305005 20199316
200305007 20199316
200305006 20199316
200305002 20199316
200303003 20199316
200303004 20199316
200303001 20199316
200303007 20199316
200304001 20199316
200508007 20199327
200507001 20199327
200504002 20199327
200504005 20199327
200505003 20199327
200505001 20199327
200505005 20199327
200305008 20199316
200305001 20199316
200305004 20199316
200305003 20199316
200705004 20199339
200504003 20199327
180512001 20199929
180105002 20199904
180105003 20199904
180401008 20199926
180401001 20199926
180401007 20199926
180402001 20199926
180302001 20199919
210401001 20199974
180301001 20199919
180104002 20199904
180104001 20199904
200204001 20199310
200704001 20199339
200704003 20199339
200705005 20199339
200508009 20199327
200508004 20199327
200508006 20199327
200702002 20199339
200702001 20199339
200704002 20199339
200705003 20199339
200706001 20199339
180802002 20199952
210401004 20199974
210401002 20199974
200204005 20199310
200204006 20199310
200601010 20199336
200601004 20199336
200601006 20199336
210102004 20199959
200601009 20199336
210803004 20199991
210803001 20199991
210102002 20199959
210102003 20199959
210104001 20199959
210101001 20199959
210904002 20199995
200203001 20199310
200203004 20199310
210803002 20199991
210701003 20199988
210701012 20199988
210701014 20199988
200420006 20199322
210701015 20199988
200405034 20199322
160201005 20199502
200202002 20199310
200203002 20199310
200201006 20199310
200201003 20199310
200201001 20199310
210301001 20199969
210301004 20199969
210301002 20199969
201102003 20199359
200301001 20199316
200303006 20199316
220502003 20199384
201103004 20199359
200301002 20199316
200301003 20199316
210701011 20199988
211001002 20199983
211003001 20199983
210501002 20199978
220501002 20199384
220502002 20199384
210105001 20199959
211002001 20199983
211002002 20199983
210601003 20199983
210601002 20199983
210201001 20199983
210202001 20199983
210202003 20199983
211001003 20199983
210203001 20199983
201101002 20199359
201101001 20199359
221106002 20199418
221103001 20199418
221103002 20199418
221105002 20199418
220102003 20199368
220102005 20199368
221106004 20199418
221104001 20199418
221104002 20199418
221102002 20199418
221102001 20199418
200302002 20199316
200302001 20199316
221105001 20199418
221101001 20199418
221201005 20199415
221201003 20199415
220601018 20199389
220105003 20199368
220104001 20199368
220104002 20199368
220104004 20199368
220103001 20199368
220101001 20199368
200418002 20199418
200418004 20199418
200418005 20199418
220102001 20199368
220102002 20199368
220204003 20199375
221301006 20199426
221301007 20199426
221301005 20199426
220201003 20199375
220201019 20199375
220201026 20199375
221304012 20199426
220803017 20199396
220803005 20199396
220803016 20199396
220803003 20199396
220803013 20199396
220802003 20199396
220801002 20199396
220801008 20199396
220801009 20199396
220804014 20199396
220804007 20199396
220804002 20199396
220804013 20199396
220804001 20199396
220804008 20199396
220802004 20199396
220802010 20199396
220803015 20199396
220803023 20199396
220803007 20199396
220701002 20199393
220701010 20199393
220701013 20199393
220701016 20199393
220701008 20199393
221303004 20199426
221303009 20199426
221303007 20199426
221002002 20199407
221003001 20199407
221001002 20199407
221004001 20199407
221004002 20199407
221005001 20199407
220701009 20199393
221002001 20199407
221302005 20199426
221302008 20199426
220903008 20199402
220203009 20199375
221303003 20199426
190101013 20199436
190103001 20199436
190102004 20199436
190101021 20199436
190101009 20199436
190101016 20199436
190101006 20199436
190101017 20199436
190303004 20199445
190303005 20199445
190302005 20199445
190302002 20199445
190302006 20199445
190302003 20199445
190101004 20199436
190101001 20199436
190301001 20199445
200420005 20199322
191104008 20199488
191104004 20199488
190704001 20199469
190901004 20199478
190903005 20199478
190903012 20199478
190903002 20199478
190903007 20199478
160910001 20199532
200901011 20199351
200901016 20199351
200901022 20199351
200901010 20199351
200901029 20199351
190201007 20199436
190201002 20199436
190201004 20199436
190201005 20199436
190201008 20199436
190202002 20199436
190202003 20199436
190403003 20199451
190902002 20199478
190902003 20199478
190903004 20199478
190903009 20199478
190903006 20199478
190903014 20199478
190501001 20199457
191104005 20199488
191104007 20199488
191102005 20199488
191102004 20199488
191102003 20199488
150606007 20199734
150606003 20199734
150303003 20199710
150101001 20199694
150101002 20199694
150103001 20199694
150108002 20199694
190503001 20199457
190502001 20199457
190502004 20199457
190502003 20199457
190502002 20199457
150606001 20199734
150303002 20199710
191002001 20199483
190703001 20199469
190703002 20199469
190703003 20199469
190701001 20199469
190702002 20199469
190702001 20199469
190604003 20199461
190604002 20199461
190602004 20199461
190602001 20199461
190602006 20199461
190605002 20199461
190605003 20199461
190606003 20199461
190606002 20199461
150606008 20199734
150606010 20199734
150604001 20199734
150604002 20199734
150106001 20199694
150802001 20199748
150704001 20199742
161106001 20199547
161106005 20199547
161102001 20199547
190802002 20199474
190801001 20199474
190801002 20199474
190801005 20199474
190801004 20199474
150704003 20199742
150606004 20199734
150704004 20199742
150202002 20423005
150607001 20199734
161105001 20199547
161104001 20199547
161103002 20199547
161103001 20199547
161106003 20199547
161106002 20199547
191001001 20199483
191004001 20199483
191002002 20199483
150702001 20199742
150702002 20199742
150701001 20199742
150701003 20199742
150703001 20199742
150703002 20199742
150705001 20199742
190801003 20199474
160909002 20199532
160909001 20199532
190607001 20199461
190802003 20199474
201003001 20199354
200802001 20199346
200802004 20199346
200802002 20199346
160902001 20199532
160908002 20199532
160702001 20199520
160807003 20199525
160804001 20199525
141101005 20199682
141101003 20199682
150402005 20199717
150402004 20199717
150902004 20199754
150902006 20199754
150902005 20199754
160101004 20199499
160102002 20199499
160904008 20199532
220503003 20199384
220503001 20199384
210701016 20199988
221401006 20199432
221401009 20199432
220105005 20199368
220102006 20199368
220105002 20199368
221106001 20199418
221001001 20199407
221006001 20199407
220802005 20199396
220803021 20199396
220802009 20199396
220802008 20199396
221302003 20199426
221301008 20199426
221301024 20199426
221301003 20199426
221301020 20199426
221301012 20199426
221301019 20199426
220902008 20199402
191103002 20199488
190404001 20199451
190404002 20199451
190201001 20199436
190101007 20199436
190101020 20199436
191103003 20199488
160904006 20199532
160904003 20199532
190302007 20199445
190303003 20199445
190303001 20199445
220903004 20199402
220903022 20199402
220903003 20199402
220903007 20199402
220903021 20199402
220901003 20199402
220901008 20199402
170501001 20199877
160906001 20199532
160905001 20199532
160901001 20199532
161004001 20199541
161002001 20199541
161003002 20199541
161006001 20199541
161005002 20199541
160910002 20199532
161001001 20199541
160601008 20199517
160601002 20199517
160601004 20199517
160401001 20199507
160902002 20199532
170304002 20199867
170304001 20199867
170103002 20199852
170101004 20199852
160601003 20199517
170804003 20199897
160404001 20199507
161101001 20199547
160903001 20199532
160904004 20199532
160904002 20199532
160203003 20199502
160203001 20199502
150801001 20199748
150804003 20199748
160204001 20199502
161001006 20199541
141301004 20199690
141301006 20199690
140701018 20199667
140701021 20199667
141301002 20199690
141301005 20199690
210803003 20199991
180703003 20199948
180802001 20199952
180204001 20199911
180204002 20199911
180208001 20199911
180205001 20199911
180202001 20199911
180201003 20199911
180201004 20199911
180201002 20199911
180207004 20199911
180207003 20199911
180207002 20199911
170501011 20199877
170706002 20199888
170706001 20199888
170607003 20199888
170604001 20199880
180601002 20199942
180601001 20199942
170501010 20199877
170701001 20199888
170603001 20199880
170602001 20199880
180602001 20199942
180603001 20199942
180604001 20199942
180103001 20199904
180206001 20199911
170705002 20199888
170704005 20199888
170704001 20199888
170607001 20199880
170601001 20199880
180702001 20199948
180701005 20199948
170703002 20199888
170702001 20199888
140603004 20199662
140603003 20199662
140201001 20199640
141203001 20199685
170103001 20199852
170303001 20199852
170101005 20199852
140701025 20199667
140502002 20199678
140502001 20199678
141301001 20199690
140501001 20199678
140501003 20199678
140501002 20199678
140504001 20199640
140504003 20199678
140504002 20199678
160101003 20199499
160101005 20199499
150804001 20199748
150504001 20199721
150506001 20199721
150506004 20199721
150605001 20199734
150606009 20199734
150601001 20199734
150204002 20423005
150803002 20199748
150803001 20199748
150902003 20199754
150204001 20423005
150206001 20423005
141101002 20199682
150901001 20199754
150903001 20199754
150402002 20199717
141101004 20199682
140801002 20199671
150301001 20199710
120505001 20199789
120501003 20199789
120501001 20199789
120504001 20199789
150401001 20199717
151004001 20199758
151005001 20199758
151001001 20199758
151003002 20199758
151006002 20199758
151006001 20199758
151002001 20199758
150505001 20199721
150502001 20199721
150502004 20199721
150502003 20199721
150512005 20199721
151003003 20199758
151003001 20199758
120502001 20199789
150501001 20199721
150501003 20199721
140801003 20199671
120801001 20199789
120503001 20199789
120506001 20199789
140702004 20199667
140702002 20199667
140702003 20199667
120507001 20199789
110202002 20199575
110202001 20199575
110201003 20199575
140309002 20199645
140307002 20199645
140307003 20199645
140307004 20199645
110202003 20199575
110201001 20199575
110303003 20199556
110303001 20199556
110502009 20199556
110502005 20199556
110502003 20199556
110502010 20199556
110502002 20199556
110401004 20199575
110401002 20199575
110403001 20199575
110203001 20199575
140901001 20199575
140901002 20199575
140402001 20199653
120303002 20199792
110303002 20199556
110302001 20199556
110304002 20199556
110305001 20199556
110307001 20199556
110308004 20199556
110308002 20199556
110409001 20199575
110409006 20199575
110409002 20199575
110409005 20199575
110412007 20199575
110412003 20199575
130102002 20199771
130203001 23470845
130203005 23470845
130203003 23470845
130201001 23470845
140205001 20199640
140205002 20199640
130203002 23470845
130301001 20199771
130104001 20199771
130205001 23470845
130203004 23470845
130208001 23470845
130207001 23470845
130301002 20199780
130101001 20199771
130301011 20199780
130301007 20199780
130301008 20199780
130301003 20199780
130301009 20199780
130301013 20199780
130301014 20199780
130301015 20199780
141201001 20199685
141202002 20199685
141202001 20199685
130206001 23470845
150302001 20199710
150507001 20199721
150606006 20199734
150603003 20199734
150602001 20199734
150506005 20199721
120604001 23469808
120601001 23469808
120601002 23469808
120603002 23469808
120603001 23469808
110407002 20199575
110407001 20199575
110411001 20199575
120402001 20199798
120404002 20199798
120403004 20199798
120403003 20199798
120403002 20199798
120406006 20199798
120406004 20199798
120406001 20199798
120406005 20199798
120404001 20199798
120401001 20199798
140302001 20199789
120901001 20199834
150501004 20199721
150511004 20199721
120803001 20199789
120802002 20199789
120704001 20199818
120705001 20199818
120701001 20199818
120103002 20199784
120101002 20199784
120101001 20199784
120101004 20199784
120707001 20199818
120707002 20199818
120708001 20199818
121003002 20199843
121006001 20199843
110818001 20199610
121007001 20199843
120904001 20199834
110102002 20199556
110102001 20199556
110812001 20199610
110806001 20199610
110808001 20199610
110813001 20199610
110824001 20199610
110810002 20199610
110810001 20199610
110807001 20199610
110809001 20199610
110809002 20199610
110811002 20199610
110811001 20199610
110820002 20199610
110801003 20199610
110801002 20199610
110801001 20199610
110805001 20199610
110101004 20199556
110101009 20199556
110605007 20199592
110605003 20199592
110605001 20199592
110605002 20199592
110605004 20199592
110604001 20199592
110601001 20199592
110601002 20199592
110606004 20199592
110606006 20199592
110606002 20199592
110606003 20199592
110606005 20199592
110802002 20199610
110802001 20199610
110802003 20199610
110823001 20199610
110821002 20199610
110603001 20199592
110607003 20199592
110607001 20199592
110607002 20199592
110602001 20199592
110703001 20199602
110704001 20199602
110702001 20199602
110702003 20199602
110807004 20199610
110816001 20199610
110803003 20199610
110803001 20199610
110705001 20199602
110701003 20199602
110701002 20199602
110701001 20199602
110701004 20199602
110817001 20199610
110804001 20199610
110804002 20199610
110807003 20199610
121005001 20199843
110101010 20199556
120305001 20199792
120303001 20199792
120304001 20199792
110101011 20199556
110103001 20199556
110104002 20199556
110104001 20199556
110103003 20199556
110101001 20199556
110501002 20199556
110404001 20199575
110406002 20199575
110502007 20199556
110503001 20199556
110405001 20199575
120602002 23469808
120602001 23469808
110103002 20199556
110102003 20199610
110803002 20199610
110101003 20199556
110101007 20199556
110605005 20199592
200703003 20199339
200703005 20199339
200801009 20199346
160102001 20199495
190101002 20199436
190101015 20199436
221303005 20199426
220301029 20199380
220301022 20199380
150402001 20199717
160101008 20199499
150106003 20199694
150603002 20199734
150201001 20423005
150501002 20199721
220301032 20199380
220903024 20199402
110812002 20199610
160202002 20199502
160301008 20199495
160301009 20199495
160101001 20199499
160301001 20199495
160301006 20199495
191103001 20199488
220201011 20199375
221303001 20199426
220402038 20199365
200703001 20199327
200703004 20199327
110605006 20199592
120605001 23469808
110503002 20199556
110504001 20199556
110402001 20199575
110101006 20199556
110502006 20199556
120302002 20199792
120302001 20199792
120302003 20199792
120304003 20199792
120304002 20199792
120903002 20199834
121005002 20199843
121004001 20199843
110822004 20199602
120301002 20199792
120902001 20199834
110601003 20199592
110101008 20199556
110820003 20199610
110820001 20199610
110822002 20199610
110815001 20199610
121003001 20199843
121001001 20199843
121006002 20199843
121002001 20199843
120103001 20199784
120703002 20199818
120709001 20199818
120707003 20199818
120101003 20199784
120102001 20199784
120102002 20199784
120901003 20199834
120901002 20199834
120903023 20199834
120401002 20199798
120406003 20199798
120406002 20199798
120403001 20199798
120404003 20199798
120402002 20199798
150506002 20199721
150512004 20199721
150305001 20199710
150511001 20199721
150511003 20199721
150516002 20199721
150304001 20199710
141203003 20199685
110408001 20199575
130106004 20199771
130301004 20199780
130301005 20199780
130201002 23470845
130102001 20199771
130103001 20199771
130107003 20199771
130105001 20199771
140311001 20199645
140311002 20199645
140306002 20199645
140901003 20199575
110403002 20199575
110502008 20199556
110502004 20199556
140902001 20199575
140902002 20199575
110203002 20199575
140602007 20199662
140602005 20199662
140602004 20199662
140301003 20199645
140306001 20199645
140304001 20199645
140309001 20199645
110201002 20199575
140301002 20199645
140601002 20199662
140301001 20199645
140702001 20199667
140308001 20199645
140305001 20199645
120201002 20199789
120802001 20199789
120805001 20199789
150510001 20199721
150511005 20199721
150503001 20199721
140801001 20199671
120804001 20199721
150509001 20199721
150513001 20199721
150502002 20199721
150502005 20199721
150511002 20199721
150107001 20199694
140701008 20199667
140801004 20199671
140802001 20199671
140802002 20199671
150203002 20423005
150203005 20423005
150605002 20199734
150508002 20199721
150508001 20199721
160301003 20199495
160201002 20199502
150104001 20199694
150101003 20199694
180106006 20199904
141001002 20199678
140602006 20199662
140602001 20199662
140602008 20199662
140701009 20199667
141205001 20199685
141204002 20199685
140204001 20199640
140204003 20199640
140202001 20199640
170605002 20199880
170601003 20199880
170703003 20199888
170704002 20199888
170607002 20199880
170606001 20199880
170501014 20199877
180201001 20199911
180203001 20199911
210401005 20199974
180401004 20199926
140701026 20199667
161001002 20199541
160201004 20199502
150704002 20199742
160202001 20199502
160202003 20199502
160203002 20199502
160907001 20199532
160907003 20199532
160907002 20199532
160907005 20199532
160402002 20199507
160402001 20199507
160403001 20199507
170302003 20199867
170302002 20199867
161001005 20199541
161001003 20199541
160902003 20199532
220903006 20199402
220901010 20199402
220903017 20199402
220903025 20199402
220903005 20199402
220902013 20199402
220204001 20199375
190302001 20199445
220902011 20199402
220902005 20199402
220902014 20199402
220902006 20199402
220902017 20199402
220902002 20199402
220902010 20199402
220402070 20199365
220402075 20199365
220402050 20199365
220402018 20199365
220402100 20199365
220402071 20199365
220804003 20199396
220301034 20199380
220104003 20199368
221401004 20199432
221401005 20199432
220102004 20199368
220102008 20199368
160101002 20199499
160904005 20199532
160101007 20199499
141101006 20199682
160803002 20199346
160803001 20199525
160702003 20199520
160908001 20199532
160904001 20199532
160805002 20199525
201003004 20199354
201003002 20199354
201003003 20199354
200801001 20199346
201001001 20199354
201001003 20199354
201001002 20199354
200402001 20199322
200402002 20199322
200402005 20199322
200409007 20199322
200410004 20199322
200425003 20199322
200425010 20199322
200401001 20199322
201002001 20199474
191003001 20199483
150203001 20423005
150203006 20423005
150203004 20423005
150203003 20423005
200425006 20199322
190601001 20199461
190601002 20199461
150705002 20199742
150106004 20199694
150106002 20199694
190602003 20199461
190602002 20199461
190604001 20199461
190603001 20199461
190606001 20199461
150105001 20199694
190502005 20199457
150102001 20199694
150102002 20199694
150103002 20199694
191102002 20199488
190903003 20199478
190902001 20199478
190402002 20199451
190402001 20199451
190401001 20199451
190403001 20199451
190201003 20199436
190201006 20199436
200420007 20199322
200403012 20199322
200407003 20199322
200407001 20199322
200407002 20199322
200403018 20199322
200901020 20199351
190903001 20199478
190901002 20199478
190901003 20199478
190901005 20199478
220902016 20199402
190303006 20199445
190101012 20199436
190102001 20199436
190101018 20199436
220902001 20199402
220203001 20199375
220203012 20199375
220902015 20199402
220902009 20199402
220902021 20199402
220902004 20199402
220902019 20199402
200407004 20199322
200407007 20199322
220701007 20199393
220701015 20199393
220702001 20199393
221004003 20199407
200102003 20199307
200102004 20199307
220701004 20199393
220803001 20199396
220804004 20199396
200415003 20199322
220402020 20199365
221301013 20199426
221304010 20199426
221304003 20199426
221304009 20199426
220204006 20199375
200415005 20199322
221301022 20199426
220204005 20199375
200415010 20199322
220701011 20199393
220103002 20199368
221201013 20199415
220601001 20199389
220602007 20199389
220602001 20199389
220602005 20199389
221201008 20199415
221201010 20199415
400000105 20199415
200302003 20199316
220102009 20199368
221105003 20199418
221106005 20199418
221106003 20199418
201103003 20199359
201103002 20199359
210202002 20199983
210201002 20199983
210602001 20199983
210601001 20199983
210103003 20199959
210103001 20199959
210503004 20199978
210503007 20199978
220502004 20199384
220501001 20199384
210503001 20199978
200417015 20199322
201103001 20199359
220502005 20199384
201102002 20199359
201102001 20199359
210301003 20199969
210302001 20199969
200201007 20199310
200201004 20199310
200205001 20199310
200203005 20199310
210701001 20199988
210901001 20199995
210903001 20199995
210902001 20199995
210904001 20199995
210102001 20199959
200601003 20199310
200404030 20199322
200204003 20199310
180801003 20199952
200408002 20199322
200701004 20199339
150402003 20199717
200702003 20199339
200508010 20199327
200701005 20199339
180301002 20199919
180304002 20199919
180304001 20199919
210401003 20199974
180401003 20199926
180401005 20199926
180106003 20199904
180106005 20199904
180106001 20199904
180105001 20199904
200504004 20199327
200701003 20199339
200701002 20199339
200503002 20199327
200503003 20199327
200508008 20199327
200506004 20199327
200503001 20199327
500000036 20199948
180703005 20199948
180506001 20199929
170203001 20199858
180205002 20199858
170202003 20199858
170202005 20199858
170301001 20199867
170204001 20199858
170402003 20199871
170403003 20199871
180508006 20199929
170405004 20199858
170405005 20199871
170401001 20199871
170803001 20199897
160501001 20199513
160501003 20199513
170802001 20199897
200419009 20199322
140701001 20199667
140603002 20199662
200409006 20199322
160802003 20199525
180503001 20199929
160602001 20199517
110819001 20199610
110814001 20199610
150106005 20199694
120903022 20199834
190802001 20199474
200204002 20199310
220402019 20199365
110606001 20199592
120903039 20199834
200417031 20199322
200417014 20199322
180703004 20199948
150804002 20199748
220902003 20199402
210803006 20199991
170201004 20199858
140503003 20199678
170804001 20199897
141002001 20199678
170206002 20199858
170206001 20199858
180508002 20199929
200507003 20199327
180804004 20199952
180804001 20199952
180804003 20199952
210802001 20199991
200601007 20199336
180804006 20199952
180804007 20199952
200202001 20199310
200303005 20199316
210303001 20199969
211003002 20199983
210502001 20199978
210503006 20199978
210503003 20199978
210503005 20199978
210501003 20199978
210501001 20199978
210502002 20199978
210603001 20199983
201103005 20199359
220701003 20199393
221304005 20199426
220402097 20199365
220402049 20199365
220402066 20199365
220803011 20199396
220803006 20199396
221302006 20199426
190101005 20199436
190301003 20199445
190903013 20199478
190401002 20199451
190402005 20199451
191102001 20199488
150107002 20199694
190605001 20199461
220503002 20199384
220105004 20199368
220402009 20199365
220402032 20199365
190404003 20199451
190903011 20199478
160906002 20199532
180207001 20199911
180701001 20199948
150515004 20199721
120502002 20199789
150515003 20199721
150515002 20199721
140310001 20199645
140310002 20199645
140601001 20199662
140303001 20199645
110301001 20199556
130108003 20199771
130106002 20199771
120606001 23469808
120903021 20199834
120903011 20199834
120903006 20199834
120903005 20199834
120903019 20199834
120903018 20199834
121008001 20199843
121009002 20199843
121009001 20199843
110821001 20199610
110807002 20199610
110706011 20199602
110702002 20199602
110706002 20199602
110706008 20199602
110706007 20199602
110706005 20199602
110706006 20199602
120706001 20199818
110105002 20199556
110105001 20199556
110105003 20199556
120606002 23469808
110203003 20199575
120903041 20199834
120903010 20199834
120903008 20199834
120903033 20199834
120903035 20199834
120903031 20199834
110706001 20199602
160301005 20199495
220402055 20199365
220402048 20199365
210503002 20199978
160201003 20199502
130107002 20199610
110706004 20199602
110820004 20199610
140401010 20199653
161005001 20199541
161003001 20199541
160807002 20199525
190602005 20199461
220701006 20199393
200501001 20199327
200501003 20199327
170601002 20199880
150205001 20423005
160201006 20199502
220701001 20199393
200505002 20199327
140401003 20199653
150510002 20199721
150506003 20199721
160907004 20199532
210602004 20199983
200417034 20199322
200705007 20199339
150515001 20199721
180106002 20199904
160805001 20199525
160807001 20199525
160802002 20199525
180511001 20199929
180402002 20199926
141203004 20199685
210905001 20199995
110706010 20199602
110706003 20199602
120501002 20199789
141003001 20199897
210302002 20199969
180802005 20199952
180803002 20199952
110401001 20199575
120405001 20199798
140302002 20199789
110403003 20199575
121006003 20199843
160701003 20199520
160701001 20199520
160701002 20199520
150202001 20423005
150303001 20199710
190302004 20199445
200409002 20199322
160101009 20199499
110502001 20199556
160205002 20199502
190304002 20199445
170201001 20199858
170201002 20199858
120903038 20199834
140501005 20199678
220102010 20199368
150902007 20199754
150607002 20199734
210202004 20199983
220502001 20199384
200507002 20199327
180511004 20199929
190101011 20199436
221301002 20199426
220401001 20199365
180103002 20199904
200101007 20199307
190901001 20199478
110101002 20199556
160301004 20199690
220201021 20199375
190301004 20199445
220301012 20199380
220301015 20199380
200802003 20199346
220601015 20199389
220901002 20199402
220701005 20199393
160702002 20199520
190903008 20199478
180701004 20199948
140307001 20199645
200701001 20199339
120904002 20199834
200601013 20199336
141301003 20199690
221401002 20199432
190303002 20199445
220602002 20199389
221301009 20199426
220801004 20199396
130202001 23470845
160802004 20199525
160205003 20199502
220203007 20199375
220204002 20199375
160206001 20199502
200705001 20199339
221304013 20199426
120903037 20199834
221301004 20199426
221301014 20199426
221301015 20199426
221301016 20199426
220201022 20199375
220201053 20199375
220903015 20199402
220301028 20199380
220301047 20199380
220402006 20199365
220402007 20199365
220402030 20199365
220402059 20199365
220402072 20199365
220402077 20199365
220402108 20199365
220402109 20199365
220803010 20199396
220803022 20199396
220803025 20199396
220804010 20199396
221304006 20199426
221304011 20199426
221304014 20199426
150606005 20199734
151002002 20199758
220901004 20199402
160603001 20199513
110505001 20199556
220102011 20199368
221401001 20199432
200201002 20199310
200201005 20199310
120903003 20199834
120903036 20199834
120903001 20199834
220804009 20199396
220801007 20199396
110412004 20199575
200406014 20199322
200412013 20199322
200417029 20199322
200406006 20199322
200407005 20199322
200417023 20199322
200417035 20199322
200417033 20199322
200412018 20199322
200417002 20199322
120703001 20199818
200410001 20199322
170202001 20199858
120201001 20199789
210401007 20199974
221401007 20199432
150507002 20199721
220402096 20199365
220402047 20199365
200505004 20199327
200506002 20199327
200506005 20199327
210701017 20199988
210103002 20199959
210201003 20199983
190402004 20199451
191104001 20199488
140501004 20199678
200408004 20199322
200411001 20199336
161106004 20199547
220402060 20199365
220102007 20199368
220105001 20199368
110308003 20199556
110308001 20199556
220702002 20199393
160102004 20199499
200409012 20199322
220301059 20199380
220803027 20199396
220804016 20199396
220402116 20199365
220402117 20199365
220402118 20199365
220402119 20199365
220402221 20199365
180401009 20199926
221401011 20199432
180703006 20199948
180703007 20199948
220402122 20199365
220402123 20199365
220803028 20199396
220601020 20199389
200414009 20199322
130104002 20199771
120502003 20199789
110501003 20199556
190703004 20199469
220102012 20199368
141301007 20199690
110705002 20199602
110304003 20199556
210503008 20199978
210503009 20199978
210503010 20199978
210503011 20199978
190101022 20199436
190102005 20199436
140206001 20199640
180106007 20199904
140304003 20199645
220102015 20199368
220102016 20199368
220102017 20199368
140602002 20199662
140701042 20199667
140701044 20199667
140701045 20199667
180302003 20199919
220102013 20199368
200601012 20199336
150508003 20199327
160904007 20199532
190603002 20199461
221301026 20199426
170402007 20199871
170803003 20199897
150502006 20199721
150502007 20199721
201101003 20199359
150501005 20199721
200508012 20199327
200101021 20199307
190903015 20199478
200304014 20199316
220203013 20199375
220203014 20199375
220203016 20199375
220203017 20199375
160301010 20199495
160301011 20199495
190402007 20199451
161003003 20199541
180803005 20199952
140702005 20199667
140201004 20199640
200406020 20199322
200409013 20199322
160301012 20199495
190901006 20199478
150512006 20199721
140504004 20199678
210402003 20199974
150506006 20199721
130208002 23470845
110606007 20199592
200901033 20199351
200305009 20199316
160701004 20199520
180802006 20199952
180401010 20199926
130105002 20199771
221301027 20199426
220402125 20199365
220402126 20199365
200302004 20199316
140702007 20199667
140702008 20199667
220203015 20199375
220203018 20199375
180106008 20199904
180105004 20199904
180105005 20199904
120604002 23469808
120606003 23469808
110706012 20199602
180401011 20199926
140802003 20199671
200405045 20199322
190901008 20199478
190901009 20199478
141203005 20199685
200416002 20199322
200403022 20199322
110706013 20199602
110403004 20199575
110505002 20199556
200420015 20199322
220701017 20199393
220701018 20199393
110706014 20199602
110605008 20199592
110501005 20199556
180508008 20199929
180511008 20199929
160405002 20199507
220701019 20199393
200504010 20199327
150201002 20423005
200412021 20199322
150402006 20199717
180511009 20199929
110101012 20199556
121003003 20199843
220204008 20199375
160904009 20199532
200417039 20199322
200415015 20199322
200405004 20199322
200415002 20199322
200409014 20199322
140401012 20199653
200304015 20199316
200417019 20199322
200405046 20199322
190304003 20199445
190303009 20199445
200901034 20199351
200901035 20199351
200901036 20199351
200101022 20199307
200801011 20199346
200415016 20199322
200417040 20199322
220502006 20199384
221301028 20199426
220201065 20199375
220201066 20199375
220301061 20199380
220301062 20199380
220301063 20199380
220301064 20199380
220301065 20199380
220301066 20199380
220301068 20199380
220301069 20199380
220301070 20199380
220301071 20199380
220301072 20199380
220301073 20199380
220301074 20199380
220301075 20199380
220301078 20199380
220301079 20199380
221302009 20199426
220402130 20199365
220402131 20199365
220803030 20199396
220803031 20199396
220903026 20199402
221304015 20199426
221304016 20199426
221304017 20199426
300000086 30000000
500000113 20199451
220301091 20199380
220301092 20199380
220301093 20199380
200415017 20199322
180512002 20199929
220402132 20199365
190305001 20199445
190300503 20199445
190303007 20199445
190303010 20199445
110101013 20199556
200419015 20199322
200403023 20199322
200414010 20199322
200412022 20199322
200412023 20199322
210701024 20199988
150805002 20199748
170201005 20199858
220903027 20199402
220903028 20199402
220903029 20199402
180512003 20199929
220402036 20199365
190901010 20199478
120903029 20199834
110101014 20199556
110402002 20199575
140801005 20199671
180802007 20199952
211001004 20199983
141002002 20199678
170202004 20199858
150506007 20199721
211003003 20200000
120406007 20199798
220801010 20199396
220801011 20199396
180508007 20199929
110403005 20199575
220301021 20199380
220301084 20199380
220301085 20199380
220301086 20199380
110403006 20199575
110202004 20199575
220301087 20199380
220301088 20199380
130105003 20199771
170607005 20199880
220301089 20199380
200504011 20199327
200504012 20199327
160807004 20199525
160807005 20199525
160703011 20199520
180703008 20199948
180201005 20199911
160601009 20199517
160201007 20199502
110307002 20199556
110706009 20199602
200601014 20199336
221303010 20199426
220201067 20199375
200701006 20199339
160301013 20199495
160301014 20199495
160301015 20199495
160301016 20199495
160301017 20199495
160301018 20199495
141301008 20199690
141301009 20199690
141301010 20199690
141301011 20199690
120301003 20199662
140603005 20199662
140603006 20199662
140203007 20199640
140203008 20199640
110815002 20199556
121009003 20199843
191002003 20199483
300000092 30000000
300000093 30000000
300000094 30000000
300000095 30000000
300000096 30000000
140701034 20199667
160907006 20199532
190802004 20199474
220402080 20199365
221301021 20199426
200404041 20199322
220102032 20199368
220102033 20199368
140401011 20199653
150511006 20199721
150509002 20199721
150803003 20199748
170801003 20199897
220301095 20199380
200201008 20199310
110101015 20199556
170101007 20199852
170101008 20199852
200419036 20199322
200417044 20199322
200417045 20199322
200417046 20199322
200417047 20199322
200417048 20199322
200417049 20199322
200417050 20199322
140307005 20199645
140301004 20199645
140309003 20199645
140401013 20199653
140401014 20199653
110807006 20199610
110821003 20199610
160501006 20199513
200417051 20199322
200423007 20199322
200412024 20199322
200417052 20199322
200417012 20199322
190101023 20199436
221401010 20199432
221401012 20199432
221304008 20199426
220602009 20199389
220602010 20199389
220402037 20199365
220402039 20199365
110502011 20199556
220203028 20199375
220402045 20199365
221304018 20199426
191101002 20199488
150305002 20199710
150501006 20199721
150501007 20199721
150515005 20199721
150515006 20199721
150506008 20199721
140401015 20199653
200412025 20199322
210602006 20199983
180804005 20199952
200301004 20199316
190501002 20199457
140401016 20199653
200301005 20199316
200508014 20199327
180304003 20199919
190502006 20199457
190502007 20199457
190704002 20199469
150701004 20199742
150105003 20199694
220201068 20199375
220402129 20199365
220204009 20199375
220204010 20199375
200414011 20199322
220402137 20199365
221401013 20199432
220402061 20199365
220402062 20199365
220101003 20199368
220902020 20199402
210402004 20199974
170501016 20199877
170702002 20199888
170704006 20199888
170704007 20199888
170605003 20199880
200801012 20199346
140203010 20199640
170607006 20199880
200419037 20199322
220301082 20199380
200405049 20199322
200406024 20199322
160904010 20199532
110412008 20199575
200417057 20199322
200304012 20199316
200304017 20199316
200304018 20199316
200304019 20199316
200405050 20199322
220203005 20199375
110803004 20199610
110821004 20199610
110802004 20199610
150509003 20199721
200305010 20199316
221301017 20199426
150301002 20199710
110706015 20199602
170501018 20199877
200412026 20199322
140204004 20199640
200405052 20199322
200405053 20199322
200304020 20199316
200412028 20199322
110304004 20199556
140504005 20199678
200601015 20199336
191104009 20199488
110609001 20199592
140401017 20199653
140602009 20199662
110101016 20199556
200417058 20199322
200405054 20199322
110106001 20199556
201001004 20199354
200404043 20199322
200420016 20199322
200420017 20199322
200405055 20199322
